# Matter power spectrum P(k) at redshift z=100
# for k=1.04342e-05 to 1055.3 h/Mpc,
# number of wavenumbers equal to 632
#    1:k (h/Mpc)              2:P (Mpc/h)^3        
       1.043424818159e-05       6.931077309552e-03 
       2.331415921247e-05       1.507515030729e-02 
       3.623931803809e-05       2.308888897106e-02 
       4.924449515852e-05       3.105395698895e-02 
       6.236503573839e-05       3.901762429674e-02 
       7.563717471910e-05       4.701582011777e-02 
       8.909836200060e-05       5.507960302772e-02 
       1.027876020175e-04       6.323782950335e-02 
       1.167458120668e-04       7.151852795231e-02 
       1.310162037789e-04       7.994974552091e-02 
       1.456446921286e-04       8.856014284695e-02 
       1.606803363246e-04       9.737946550460e-02 
       1.761758167372e-04       1.064389566841e-01 
       1.921879516540e-04       1.157717358101e-01 
       2.087782569954e-04       1.254131700217e-01 
       2.260135510470e-04       1.354012510052e-01 
       2.439666045981e-04       1.457769703184e-01 
       2.627168344057e-04       1.565847078022e-01 
       2.823510343511e-04       1.678726353828e-01 
       3.029641336974e-04       1.796931089309e-01 
       3.246599651053e-04       1.921030643486e-01 
       3.475520161300e-04       2.051643898687e-01 
       3.717641264082e-04       2.189442527695e-01 
       3.974310784175e-04       2.335153491318e-01 
       4.246990125550e-04       2.489560523818e-01 
       4.537255778781e-04       2.653503835649e-01 
       4.846797095312e-04       2.827877680590e-01 
       5.177409051938e-04       3.013624974937e-01 
       5.530978599375e-04       3.211728092856e-01 
       5.909463175373e-04       3.423195474360e-01 
       6.314860139264e-04       3.649042830355e-01 
       6.749166330592e-04       3.890269110529e-01 
       7.214327733846e-04       4.147827239729e-01 
       7.712180362127e-04       4.422589960825e-01 
       8.244384888035e-04       4.715313031847e-01 
       8.812359068656e-04       5.026597530441e-01 
       9.417213334896e-04       5.356854730778e-01 
       1.005969567549e-03       5.706276852486e-01 
       1.074015180681e-03       6.074817011611e-01 
       1.145850540920e-03       6.462180906920e-01 
       1.221426102816e-03       6.867831456627e-01 
       1.300652947584e-03       7.291006215423e-01 
       1.383407280931e-03       7.730700441627e-01 
       1.469536379877e-03       8.185817743924e-01 
       1.558865363810e-03       8.655128651201e-01 
       1.651204159850e-03       9.137309433367e-01 
       1.746354120612e-03       9.630993928791e-01 
       1.844113897565e-03       1.013480748748e+00 
       1.944284336061e-03       1.064739469232e+00 
       2.046672306651e-03       1.116744135453e+00 
       2.151093502854e-03       1.169369010269e+00 
       2.257374311755e-03       1.222495098217e+00 
       2.365352903918e-03       1.276010812236e+00 
       2.474879700979e-03       1.329812137501e+00 
       2.585817372062e-03       1.383802715104e+00 
       2.698040492158e-03       1.437893661151e+00 
       2.811434972953e-03       1.492003102488e+00 
       2.925897353481e-03       1.546056178455e+00 
       3.041334016956e-03       1.599984082674e+00 
       3.157660382076e-03       1.653724117445e+00 
       3.274800102595e-03       1.707218828062e+00 
       3.392684297570e-03       1.760416098006e+00 
       3.511250826177e-03       1.813268101919e+00 
       3.630443614737e-03       1.865731652803e+00 
       3.750212039206e-03       1.917767166967e+00 
       3.870510363354e-03       1.969339055843e+00 
       3.991297230898e-03       2.020414660957e+00 
       4.112535208638e-03       2.070965019822e+00 
       4.234190376953e-03       2.120963046762e+00 
       4.356231963751e-03       2.170385379880e+00 
       4.478632017852e-03       2.219210523695e+00 
       4.601365117956e-03       2.267419595062e+00 
       4.724408113511e-03       2.314995488444e+00 
       4.847739894063e-03       2.361923202945e+00 
       4.971341183988e-03       2.408189773881e+00 
       5.095194359751e-03       2.453783529529e+00 
       5.219283287167e-03       2.498694253181e+00 
       5.343593176369e-03       2.542915440258e+00 
       5.468110452477e-03       2.586438304658e+00 
       5.592822640147e-03       2.629258209434e+00 
       5.717718260425e-03       2.671370558882e+00 
       5.842786738495e-03       2.712772278824e+00 
       5.968018321074e-03       2.753461181588e+00 
       6.093404002368e-03       2.793436257836e+00 
       6.218935457619e-03       2.832697401139e+00 
       6.344604983390e-03       2.871245095109e+00 
       6.470405443853e-03       2.909079550418e+00 
       6.596330222392e-03       2.946205634807e+00 
       6.722373177975e-03       2.982624219560e+00 
       6.848528605738e-03       3.018338817729e+00 
       6.974791201368e-03       3.053354167664e+00 
       7.101156028851e-03       3.087674724351e+00 
       7.227618491246e-03       3.121304457939e+00 
       7.354174304171e-03       3.154249299418e+00 
       7.480819471708e-03       3.186515496835e+00 
       7.607550264495e-03       3.218109128629e+00 
       7.734363199778e-03       3.249035269295e+00 
       7.861255023222e-03       3.279303334587e+00 
       7.988222692320e-03       3.308917959130e+00 
       8.115263361231e-03       3.337885685968e+00 
       8.242374366917e-03       3.366215163370e+00 
       8.369553216446e-03       3.393913613350e+00 
       8.496797575371e-03       3.420988738730e+00 
       8.624105257053e-03       3.447447418627e+00 
       8.751474212869e-03       3.473297054414e+00 
       8.878902523213e-03       3.498545962928e+00 
       9.006388389210e-03       3.523200821812e+00 
       9.133930125099e-03       3.547270699786e+00 
       9.261526151205e-03       3.570761929908e+00 
       9.389174987464e-03       3.593682912177e+00 
       9.516875247442e-03       3.616040039656e+00 
       9.644625632818e-03       3.637842551164e+00 
       9.772424928278e-03       3.659095505128e+00 
       9.900271996795e-03       3.679808981898e+00 
       1.002816577526e-02       3.699986854248e+00 
       1.015610527045e-02       3.719638885492e+00 
       1.028408955524e-02       3.738772237275e+00 
       1.041211776517e-02       3.757391413159e+00 
       1.054018909521e-02       3.775504691779e+00 
       1.066830279674e-02       3.793119736121e+00 
       1.079645817481e-02       3.810241046598e+00 
       1.092465458552e-02       3.826876730135e+00 
       1.105289143365e-02       3.843031116175e+00 
       1.118116817043e-02       3.858711741760e+00 
       1.130948429144e-02       3.873926421509e+00 
       1.143783933471e-02       3.888678148514e+00 
       1.156623287889e-02       3.902973196393e+00 
       1.169466454164e-02       3.916818388347e+00 
       1.182313397803e-02       3.930219068635e+00 
       1.195164087910e-02       3.943181062676e+00 
       1.208018497055e-02       3.955708214119e+00 
       1.220876601146e-02       3.967810912831e+00 
       1.233738379313e-02       3.979485630211e+00 
       1.246603813802e-02       3.990745860099e+00 
       1.259472889875e-02       4.001592973041e+00 
       1.272345595715e-02       4.012032043809e+00 
       1.285221922340e-02       4.022069565379e+00 
       1.298101863526e-02       4.031706815283e+00 
       1.310985415731e-02       4.040954099723e+00 
       1.323872578024e-02       4.049811108935e+00 
       1.336763352029e-02       4.058284283397e+00 
       1.349657741858e-02       4.066380595177e+00 
       1.362555754067e-02       4.074100726768e+00 
       1.375457397598e-02       4.081450526866e+00 
       1.388362683741e-02       4.088436646793e+00 
       1.401271626091e-02       4.095062045192e+00 
       1.414184240508e-02       4.101329653619e+00 
       1.427100545089e-02       4.107247072645e+00 
       1.440020560134e-02       4.112814178133e+00 
       1.452944308120e-02       4.118039613027e+00 
       1.465871813677e-02       4.122926143843e+00 
       1.478803103568e-02       4.127477926694e+00 
       1.491738206673e-02       4.131699642931e+00 
       1.504677153968e-02       4.135593277531e+00 
       1.517619978518e-02       4.139164731273e+00 
       1.530566715463e-02       4.142419490241e+00 
       1.543517402014e-02       4.145358819662e+00 
       1.556472077443e-02       4.147989694619e+00 
       1.569430783085e-02       4.150313928716e+00 
       1.582393562331e-02       4.152336494120e+00 
       1.595360460635e-02       4.154061907824e+00 
       1.608331525513e-02       4.155492475495e+00 
       1.621306806550e-02       4.156634458377e+00 
       1.634286355406e-02       4.157491650088e+00 
       1.647270225826e-02       4.158063507112e+00 
       1.660258473651e-02       4.158360801016e+00 
       1.673251156829e-02       4.158380828306e+00 
       1.686248335431e-02       4.158131241368e+00 
       1.699250071665e-02       4.157616995250e+00 
       1.712256429898e-02       4.156839826324e+00 
       1.725267476672e-02       4.155805606011e+00 
       1.738283280727e-02       4.154512750204e+00 
       1.751303913022e-02       4.152972294045e+00 
       1.764329446762e-02       4.151181069549e+00 
       1.777359957426e-02       4.149146790273e+00 
       1.790395522789e-02       4.146873452178e+00 
       1.803436222959e-02       4.144363201900e+00 
       1.816482140401e-02       4.141619581455e+00 
       1.829533359977e-02       4.138643906911e+00 
       1.842589968975e-02       4.135444866066e+00 
       1.855652057151e-02       4.132023204969e+00 
       1.868719716760e-02       4.128387253943e+00 
       1.881793042603e-02       4.124528373479e+00 
       1.894872132064e-02       4.120456353539e+00 
       1.907957085153e-02       4.116180230947e+00 
       1.921048004555e-02       4.111696793030e+00 
       1.934144995672e-02       4.107009418204e+00 
       1.947248166675e-02       4.102127967832e+00 
       1.960357628552e-02       4.097046645239e+00 
       1.973473495163e-02       4.091773271041e+00 
       1.986595883290e-02       4.086311821209e+00 
       1.999724912697e-02       4.080663356801e+00 
       2.012860706186e-02       4.074831582793e+00 
       2.026003389659e-02       4.068822404904e+00 
       2.039153092176e-02       4.062636087622e+00 
       2.052309946024e-02       4.056270976613e+00 
       2.065474086780e-02       4.049737773046e+00 
       2.078645653382e-02       4.043041211441e+00 
       2.091824788195e-02       4.036171092481e+00 
       2.105011637092e-02       4.029147507754e+00 
       2.118206349520e-02       4.021964281533e+00 
       2.131409078586e-02       4.014618946134e+00 
       2.144619981132e-02       4.007125730214e+00 
       2.157839217820e-02       3.999481419107e+00 
       2.171066953217e-02       3.991686069676e+00 
       2.184303355883e-02       3.983747582598e+00 
       2.197548598462e-02       3.975667655039e+00 
       2.210802857776e-02       3.967449248990e+00 
       2.224066314921e-02       3.959092502474e+00 
       2.237339155367e-02       3.950600687644e+00 
       2.250621569062e-02       3.941976586181e+00 
       2.263913750536e-02       3.933228486869e+00 
       2.277215899011e-02       3.924352985189e+00 
       2.290528218515e-02       3.915348474879e+00 
       2.303850917997e-02       3.906221465642e+00 
       2.317184211447e-02       3.896986114184e+00 
       2.330528318020e-02       3.887629833085e+00 
       2.343883462165e-02       3.878158475206e+00 
       2.357249873754e-02       3.868584736886e+00 
       2.370627788218e-02       3.858890495736e+00 
       2.384017446692e-02       3.849092473065e+00 
       2.397419096152e-02       3.839199427228e+00 
       2.410832989569e-02       3.829196569343e+00 
       2.424259386064e-02       3.819090704274e+00 
       2.437698551064e-02       3.808890105661e+00 
       2.451150756465e-02       3.798604150133e+00 
       2.464616280806e-02       3.788222605803e+00 
       2.478095409441e-02       3.777750894418e+00 
       2.491588434721e-02       3.767189743366e+00 
       2.505095656177e-02       3.756544533254e+00 
       2.518617380718e-02       3.745811787512e+00 
       2.532153922828e-02       3.735008093540e+00 
       2.545705604769e-02       3.724115508120e+00 
       2.559272756800e-02       3.713147617768e+00 
       2.572855717392e-02       3.702108024113e+00 
       2.586454833455e-02       3.690992473276e+00 
       2.600070460579e-02       3.679813407576e+00 
       2.613702963269e-02       3.668543041267e+00 
       2.627352715205e-02       3.657238352534e+00 
       2.641020099497e-02       3.645850635500e+00 
       2.654705508956e-02       3.634406350375e+00 
       2.668409346375e-02       3.622894345891e+00 
       2.682132024813e-02       3.611321824422e+00 
       2.695873967901e-02       3.599702120280e+00 
       2.709635610147e-02       3.588021583524e+00 
       2.723417397261e-02       3.576285626499e+00 
       2.737219786483e-02       3.564499104780e+00 
       2.751043246934e-02       3.552665614285e+00 
       2.764888259969e-02       3.540782145823e+00 
       2.778755319552e-02       3.528849577128e+00 
       2.792644932638e-02       3.516872682328e+00 
       2.806557619576e-02       3.504852250573e+00 
       2.820493914521e-02       3.492794936091e+00 
       2.834454365867e-02       3.480690686442e+00 
       2.848439536691e-02       3.468554973061e+00 
       2.862450005222e-02       3.456371337794e+00 
       2.876486365322e-02       3.444163780292e+00 
       2.890549226988e-02       3.431916825056e+00 
       2.904639216873e-02       3.419638630813e+00 
       2.918756978830e-02       3.407327358271e+00 
       2.932903174480e-02       3.394990431724e+00 
       2.947078483793e-02       3.382616937051e+00 
       2.961283605707e-02       3.370224861862e+00 
       2.975519258760e-02       3.357800820998e+00 
       2.989786181758e-02       3.345358407420e+00 
       3.004085134464e-02       3.332893912805e+00 
       3.018416898324e-02       3.320401056098e+00 
       3.032782277212e-02       3.307886576531e+00 
       3.047182098223e-02       3.295371869507e+00 
       3.061617212485e-02       3.282814538689e+00 
       3.076088496017e-02       3.270250100990e+00 
       3.090596850625e-02       3.257668153486e+00 
       3.105143204830e-02       3.245068893983e+00 
       3.119728514843e-02       3.232454268640e+00 
       3.134353765589e-02       3.219839968511e+00 
       3.149019971770e-02       3.207204206735e+00 
       3.163728178981e-02       3.194557926154e+00 
       3.178479464878e-02       3.181912714176e+00 
       3.193274940404e-02       3.169259832471e+00 
       3.208115751065e-02       3.156577053430e+00 
       3.223003078281e-02       3.143891652572e+00 
       3.237938140787e-02       3.131217198647e+00 
       3.252922196116e-02       3.118521981262e+00 
       3.267956542152e-02       3.105834849550e+00 
       3.283042518751e-02       3.093146180639e+00 
       3.298181509462e-02       3.080442953491e+00 
       3.313374943320e-02       3.067741459896e+00 
       3.328624296740e-02       3.055043236794e+00 
       3.343931095508e-02       3.042341674666e+00 
       3.359296916877e-02       3.029636060192e+00 
       3.374723391772e-02       3.016930787209e+00 
       3.390212207118e-02       3.004235772689e+00 
       3.405765108294e-02       2.991530034874e+00 
       3.421383901718e-02       2.978835985325e+00 
       3.437070457582e-02       2.966150412855e+00 
       3.452826712732e-02       2.953464159103e+00 
       3.468654673724e-02       2.940774612727e+00 
       3.484556420043e-02       2.928094673558e+00 
       3.500534107521e-02       2.915420309132e+00 
       3.516589971942e-02       2.902746712100e+00 
       3.532726332879e-02       2.890080469446e+00 
       3.548945597745e-02       2.877425968383e+00 
       3.565250266104e-02       2.864767393082e+00 
       3.581642934238e-02       2.852125015345e+00 
       3.598126300008e-02       2.839471584031e+00 
       3.614703168013e-02       2.826839460832e+00 
       3.631376455087e-02       2.814220064482e+00 
       3.648149196144e-02       2.801601416121e+00 
       3.665024550417e-02       2.788988275025e+00 
       3.682005808101e-02       2.776384312116e+00 
       3.699096397447e-02       2.763782310553e+00 
       3.716299892342e-02       2.751191192927e+00 
       3.733620020410e-02       2.738609642948e+00 
       3.751060671680e-02       2.726039003655e+00 
       3.768625907871e-02       2.713461486768e+00 
       3.786319972345e-02       2.700906717705e+00 
       3.804147300782e-02       2.688346612456e+00 
       3.822112532653e-02       2.675803639026e+00 
       3.840220523547e-02       2.663257488503e+00 
       3.858476358439e-02       2.650722675510e+00 
       3.876885365987e-02       2.638189513568e+00 
       3.895453133944e-02       2.625658719132e+00 
       3.914185525800e-02       2.613140424531e+00 
       3.933088698775e-02       2.600616293240e+00 
       3.952169123280e-02       2.588104920859e+00 
       3.971433604007e-02       2.575591389233e+00 
       3.990889302808e-02       2.563079029743e+00 
       4.010543763539e-02       2.550567066401e+00 
       4.030404939083e-02       2.538059565947e+00 
       4.050481220783e-02       2.525553723770e+00 
       4.070781470526e-02       2.513037247609e+00 
       4.091315055804e-02       2.500530543665e+00 
       4.112091888037e-02       2.488013192354e+00 
       4.133122464577e-02       2.475486660601e+00 
       4.154417914768e-02       2.462960821014e+00 
       4.175990050586e-02       2.450425011745e+00 
       4.197851422363e-02       2.437886589126e+00 
       4.220015380249e-02       2.425335801468e+00 
       4.242496142102e-02       2.412770354395e+00 
       4.265308868630e-02       2.400191048759e+00 
       4.288469746711e-02       2.387599403376e+00 
       4.311996081981e-02       2.374986689593e+00 
       4.335906401926e-02       2.362354458432e+00 
       4.360220570905e-02       2.349703152872e+00 
       4.384959918803e-02       2.337033094163e+00 
       4.410147385230e-02       2.324327373629e+00 
       4.435807681560e-02       2.311594912767e+00 
       4.461967473454e-02       2.298832368753e+00 
       4.488655587007e-02       2.286033311903e+00 
       4.515903242196e-02       2.273190434920e+00 
       4.543744317999e-02       2.260314248320e+00 
       4.572215654347e-02       2.247373594772e+00 
       4.601357397103e-02       2.234394802806e+00 
       4.631213393412e-02       2.221358832925e+00 
       4.661831646309e-02       2.208260482195e+00 
       4.693264839240e-02       2.195093287128e+00 
       4.725570943421e-02       2.181851095916e+00 
       4.758813923737e-02       2.168532213030e+00 
       4.793064562330e-02       2.155127734168e+00 
       4.828401423376e-02       2.141621809756e+00 
       4.864911987943e-02       2.128016412454e+00 
       4.902693994686e-02       2.114289704591e+00 
       4.941857030756e-02       2.100442091948e+00 
       4.982524428269e-02       2.086455265789e+00 
       5.024835535616e-02       2.072313091615e+00 
       5.068948450653e-02       2.058011946186e+00 
       5.115043325455e-02       2.043513922475e+00 
       5.163326381137e-02       2.028804855042e+00 
       5.214034807799e-02       2.013852662643e+00 
       5.267442770569e-02       1.998637472477e+00 
       5.323868799565e-02       1.983115814167e+00 
       5.383684909973e-02       1.967243377719e+00 
       5.447327876611e-02       1.950959338966e+00 
       5.515313167956e-02       1.934214158392e+00 
       5.588252108263e-02       1.916901756611e+00 
       5.666872839149e-02       1.898937629694e+00 
       5.752045501951e-02       1.880167976340e+00 
       5.844811576913e-02       1.860422128442e+00 
       5.946416152599e-02       1.839451520991e+00 
       6.058339458538e-02       1.816952786931e+00 
       6.182319337429e-02       1.792488654079e+00 
       6.320348312704e-02       1.765476159561e+00 
       6.474617058149e-02       1.735173007450e+00 
       6.647363380267e-02       1.700597362801e+00 
       6.840584227195e-02       1.660589201526e+00 
       7.055603154066e-02       1.613910902194e+00 
       7.292582367350e-02       1.559516243455e+00 
       7.550198124433e-02       1.496946306090e+00 
       7.825727422448e-02       1.426725091989e+00 
       8.115593123155e-02       1.350528675478e+00 
       8.416107406828e-02       1.270994970154e+00 
       8.724056730443e-02       1.191259225902e+00 
       9.036959509029e-02       1.114423891029e+00 
       9.353054957719e-02       1.043113207779e+00 
       9.671163120305e-02       9.792139404841e-01 
       9.990522218136e-02       9.237826050854e-01 
       1.031065197516e-01       8.770767013979e-01 
       1.063125404237e-01       8.386677042509e-01 
       1.095214476342e-01       8.075869926698e-01 
       1.127321170484e-01       7.824828454215e-01 
       1.159438625857e-01       7.617695064895e-01 
       1.191562663450e-01       7.437892852554e-01 
       1.223690739880e-01       7.269450367947e-01 
       1.255821307384e-01       7.098552103502e-01 
       1.287953423576e-01       6.914437517906e-01 
       1.320086513968e-01       6.710414414673e-01 
       1.352220227624e-01       6.484063609100e-01 
       1.384354349474e-01       6.237019226843e-01 
       1.416488747074e-01       5.974256424773e-01 
       1.448623338272e-01       5.703061223990e-01 
       1.480758071573e-01       5.431804142450e-01 
       1.512892914222e-01       5.168855436973e-01 
       1.545027844946e-01       4.921615869824e-01 
       1.577162849552e-01       4.695816857702e-01 
       1.609297918240e-01       4.495164492077e-01 
       1.641433043966e-01       4.321217703178e-01 
       1.673568221437e-01       4.173483684032e-01 
       1.705703446500e-01       4.049725653250e-01 
       1.737838715759e-01       3.946310236183e-01 
       1.769974026341e-01       3.858675910595e-01 
       1.802109375745e-01       3.781798407007e-01 
       1.834244761748e-01       3.711121567977e-01 
       1.866380182343e-01       3.642114602223e-01 
       1.898515635698e-01       3.570165812190e-01 
       1.930651120127e-01       3.492398630524e-01 
       1.962786634069e-01       3.407239144734e-01 
       1.994922176073e-01       3.314466002541e-01 
       2.027057744784e-01       3.215108004937e-01 
       2.059193338938e-01       3.111121806447e-01 
       2.091328957351e-01       3.005025460909e-01 
       2.123464598910e-01       2.899514743862e-01 
       2.155600262571e-01       2.797135716982e-01 
       2.187735947354e-01       2.700058663984e-01 
       2.219871652333e-01       2.609927265387e-01 
       2.252007376638e-01       2.527847277888e-01 
       2.284143119446e-01       2.454299592588e-01 
       2.316278879984e-01       2.389233214520e-01 
       2.348414657517e-01       2.332037441496e-01 
       2.380550451353e-01       2.281666914019e-01 
       2.412686260835e-01       2.236715433341e-01 
       2.444822085344e-01       2.195599165804e-01 
       2.476957924291e-01       2.156705086030e-01 
       2.509093777116e-01       2.118552835204e-01 
       2.541229643291e-01       2.079925246161e-01 
       2.573365522312e-01       2.039938169974e-01 
       2.605501413700e-01       1.998077622125e-01 
       2.637637317002e-01       1.954194380605e-01 
       2.669773231784e-01       1.908460966008e-01 
       2.701909157634e-01       1.861335229092e-01 
       2.734045094160e-01       1.813488397240e-01 
       2.766181040987e-01       1.765734616422e-01 
       2.798316997759e-01       1.718918995745e-01 
       2.830452964135e-01       1.673831783868e-01 
       2.862588939790e-01       1.631114576972e-01 
       2.894724924412e-01       1.591200562879e-01 
       2.926860917705e-01       1.554312216810e-01 
       2.958996919385e-01       1.520416828316e-01 
       2.991132929181e-01       1.489326481798e-01 
       3.023268946831e-01       1.460704723938e-01 
       3.055404972087e-01       1.434129269702e-01 
       3.087541004710e-01       1.409127677857e-01 
       3.119677044472e-01       1.385213487685e-01 
       3.151813091152e-01       1.361918015631e-01 
       3.183949144541e-01       1.338825939326e-01 
       3.216085204436e-01       1.315607101179e-01 
       3.248221270643e-01       1.292045086828e-01 
       3.280357342975e-01       1.268051360324e-01 
       3.312493421255e-01       1.243658030189e-01 
       3.344629505308e-01       1.218996413382e-01 
       3.376765594971e-01       1.194266289473e-01 
       3.408901690082e-01       1.169702770181e-01 
       3.441037790490e-01       1.145533813391e-01 
       3.473173896046e-01       1.121988057988e-01 
       3.505310006608e-01       1.099252229107e-01 
       3.537446122039e-01       1.077477846195e-01 
       3.569582242206e-01       1.056768466450e-01 
       3.601718366984e-01       1.037164775008e-01 
       3.633854496248e-01       1.018645500915e-01 
       3.665990629880e-01       1.001129474039e-01 
       3.698126767766e-01       9.844838918285e-02 
       3.730262909796e-01       9.685474656651e-02 
       3.762399055862e-01       9.531523905129e-02 
       3.794535205862e-01       9.381446839984e-02 
       3.826671359697e-01       9.233935402411e-02 
       3.858807517269e-01       9.087999155376e-02 
       3.890943678487e-01       8.942952487666e-02 
       3.923079843259e-01       8.798382904246e-02 
       3.955216011500e-01       8.654146582918e-02 
       3.987352183125e-01       8.510349649752e-02 
       4.019488358052e-01       8.367358480433e-02 
       4.051624536203e-01       8.225739639756e-02 
       4.083760717501e-01       8.086185965932e-02 
       4.115896901872e-01       7.949410301681e-02 
       4.148033089245e-01       7.816032537004e-02 
       4.180169279549e-01       7.686499930058e-02 
       4.212305472718e-01       7.561073938549e-02 
       4.244441668687e-01       7.439837220038e-02 
       4.276577867391e-01       7.322753863210e-02 
       4.308714068770e-01       7.209685844201e-02 
       4.340850272764e-01       7.100452908393e-02 
       4.372986479315e-01       6.994758493940e-02 
       4.405122688367e-01       6.892237141685e-02 
       4.437258899865e-01       6.792447553385e-02 
       4.469395113756e-01       6.694893943278e-02 
       4.501531329990e-01       6.599136674369e-02 
       4.533667548515e-01       6.504756918425e-02 
       4.565803769284e-01       6.411550383871e-02 
       4.597939992249e-01       6.319332856907e-02 
       4.630076217364e-01       6.228097738223e-02 
       4.662212444585e-01       6.137868688821e-02 
       4.694348673868e-01       6.048727395264e-02 
       4.726484905172e-01       5.960773837513e-02 
       4.758621138454e-01       5.874143188868e-02 
       4.790757373676e-01       5.788998571855e-02 
       4.822893610797e-01       5.705544832778e-02 
       4.855029849781e-01       5.623978878226e-02 
       4.887166090590e-01       5.544456362480e-02 
       4.919302333189e-01       5.467047586185e-02 
       4.951438577543e-01       5.391742472709e-02 
       4.983574823617e-01       5.318438359065e-02 
       5.015711071378e-01       5.246982528797e-02 
       5.047847320795e-01       5.177207307298e-02 
       5.079983571835e-01       5.108948929187e-02 
       5.112119824468e-01       5.042066203931e-02 
       5.144256078664e-01       4.976429323032e-02 
       5.176392334393e-01       4.911903265344e-02 
       5.208528591628e-01       4.848373358115e-02 
       5.240664850340e-01       4.785730834162e-02 
       5.272801110503e-01       4.723898246284e-02 
       5.304937372089e-01       4.662850602694e-02 
       5.337073635073e-01       4.602618528652e-02 
       5.369209899431e-01       4.543263420350e-02 
       5.401346165137e-01       4.484865546609e-02 
       5.433482432167e-01       4.427479053400e-02 
       5.465618700498e-01       4.371127940778e-02 
       5.497754970107e-01       4.315826952985e-02 
       5.529891240971e-01       4.261564529774e-02 
       5.562027513070e-01       4.208334298279e-02 
       5.594163786381e-01       4.156137885864e-02 
       5.626300060884e-01       4.104980817656e-02 
       5.658436336558e-01       4.054856249830e-02 
       5.690572613384e-01       4.005731438906e-02 
       5.722708891342e-01       3.957548730579e-02 
       5.754845170412e-01       3.910234047027e-02 
       5.786981450577e-01       3.863720939456e-02 
       5.819117731819e-01       3.817952186491e-02 
       5.851254014118e-01       3.772895683416e-02 
       5.883390297459e-01       3.728533898014e-02 
       5.915526581824e-01       3.684859999068e-02 
       5.947662867196e-01       3.641851443393e-02 
       5.979799153559e-01       3.599485549640e-02 
       6.011935440897e-01       3.557730131569e-02 
       6.044071729195e-01       3.516565025512e-02 
       6.076208018437e-01       3.475989487644e-02 
       6.108344308609e-01       3.436022701052e-02 
       6.140480599695e-01       3.396671648631e-02 
       6.172616891681e-01       3.357991710182e-02 
       6.204753184554e-01       3.319972554462e-02 
       6.236889478300e-01       3.282603710893e-02 
       6.269025772905e-01       3.245876376643e-02 
       6.301162068356e-01       3.209734440309e-02 
       6.333298364640e-01       3.174172259216e-02 
       6.365434661744e-01       3.139184814149e-02 
       6.397570959656e-01       3.104766579612e-02 
       6.429707258365e-01       3.070910899131e-02 
       6.461843557857e-01       3.037596292007e-02 
       6.493979858122e-01       3.004796740658e-02 
       6.526116159147e-01       2.972473807386e-02 
       6.558252460922e-01       2.940604542208e-02 
       6.590388763436e-01       2.909172563472e-02 
       6.622525066678e-01       2.878175984602e-02 
       6.654661370637e-01       2.847624678457e-02 
       6.686797675303e-01       2.817523076631e-02 
       6.718933980666e-01       2.787865799639e-02 
       6.751070286716e-01       2.758640925893e-02 
       6.783206593442e-01       2.729830779119e-02 
       6.815342900836e-01       2.701422269327e-02 
       6.847479208889e-01       2.673412066590e-02 
       6.879615517590e-01       2.645805991229e-02 
       6.911751826930e-01       2.618612681517e-02 
       6.943888136902e-01       2.591832599411e-02 
       6.976024447495e-01       2.565462269845e-02 
       7.008160758702e-01       2.539483477874e-02 
       7.040297070514e-01       2.513876375893e-02 
       7.072433382923e-01       2.488624005809e-02 
       7.104569695921e-01       2.463717732185e-02 
       7.136706009499e-01       2.439155345251e-02 
       7.168842323650e-01       2.414940251040e-02 
       7.200978638367e-01       2.391068162360e-02 
       7.233114953641e-01       2.367533596531e-02 
       7.265251269465e-01       2.344321949482e-02 
       7.297387585832e-01       2.321415017465e-02 
       7.329523902735e-01       2.298800698732e-02 
       7.361660220167e-01       2.276476328284e-02 
       7.393796538121e-01       2.254446270436e-02 
       7.425932856589e-01       2.232716666185e-02 
       7.458069175566e-01       2.211289727181e-02 
       7.490205495045e-01       2.190159160405e-02 
       7.522341815020e-01       2.169315085721e-02 
       8.214197034359e-01       1.780388982961e-02 
       9.212179977900e-01       1.372436111940e-02 
       1.079477595233e+00       9.531174445359e-03 
       1.330520112580e+00       5.845798368631e-03 
       1.672579944686e+00       3.391835138619e-03 
       2.105609550409e+00       1.943658441928e-03 
       2.650805217719e+00       1.104673258982e-03 
       3.337166050229e+00       6.232175767483e-04 
       4.201243144010e+00       3.492379594573e-04 
       5.289051755120e+00       1.945100531273e-04 
       6.658521658815e+00       1.077299786797e-04 
       8.382582121265e+00       5.936163749358e-05 
       1.055304564891e+01       3.255611139923e-05 
       1.328549733924e+01       1.777779082675e-05 
       1.672545020869e+01       9.669089068924e-06 
       2.105609429142e+01       5.239387826754e-06 
       2.650805217660e+01       2.829257588166e-06 
       3.337166050229e+01       1.522837401532e-06 
       4.201243144010e+01       8.171486799071e-07 
       5.289051755120e+01       4.371899583009e-07 
       6.658521658815e+01       2.332274297538e-07 
       8.382582121265e+01       1.240585121280e-07 
       1.055304564891e+02       6.579030348466e-08 
       1.328549733924e+02       3.477128010703e-08 
       1.672545020869e+02       1.830538551390e-08 
       2.105609429142e+02       9.590331601284e-09 
       2.650805217660e+02       4.993292494204e-09 
       3.337166050229e+02       2.578873762442e-09 
       4.201243144010e+02       1.318308328494e-09 
       5.289051755120e+02       6.659596933939e-10 
       6.658521658815e+02       3.326906032383e-10 
       8.382582121265e+02       1.653738493589e-10 
       1.055304564891e+03       8.275503166458e-11 
