# Matter power spectrum P(k) at redshift z=100
# for k=1.04342e-05 to 1055.3 h/Mpc,
# number of wavenumbers equal to 632
#    1:k (h/Mpc)              2:P (Mpc/h)^3        
       1.043424818159e-05       7.010857140843e-03 
       2.331415921247e-05       1.524866740376e-02 
       3.623931803809e-05       2.335463255305e-02 
       4.924449515852e-05       3.141135039669e-02 
       6.236503573839e-05       3.946662877509e-02 
       7.563717471910e-05       4.755680381108e-02 
       8.909836200060e-05       5.571328412219e-02 
       1.027876020175e-04       6.396525014044e-02 
       1.167458120668e-04       7.234104339432e-02 
       1.310162037789e-04       8.086902298155e-02 
       1.456446921286e-04       8.957816673160e-02 
       1.606803363246e-04       9.849854772508e-02 
       1.761758167372e-04       1.076617511590e-01 
       1.921879516540e-04       1.171012567817e-01 
       2.087782569954e-04       1.268528139431e-01 
       2.260135510470e-04       1.369548216872e-01 
       2.439666045981e-04       1.474487072512e-01 
       2.627168344057e-04       1.583793178330e-01 
       2.823510343511e-04       1.697953266887e-01 
       3.029641336974e-04       1.817496286379e-01 
       3.246599651053e-04       1.942997359401e-01 
       3.475520161300e-04       2.075081534890e-01 
       3.717641264082e-04       2.214427039966e-01 
       3.974310784175e-04       2.361767759657e-01 
       4.246990125550e-04       2.517894677576e-01 
       4.537255778781e-04       2.683655490463e-01 
       4.846797095312e-04       2.859952062936e-01 
       5.177409051938e-04       3.047734866026e-01 
       5.530978599375e-04       3.247993538026e-01 
       5.909463175373e-04       3.461743178229e-01 
       6.314860139264e-04       3.690005161276e-01 
       6.749166330592e-04       3.933782634521e-01 
       7.214327733846e-04       4.194030700050e-01 
       7.712180362127e-04       4.471621658459e-01 
       8.244384888035e-04       4.767307565342e-01 
       8.812359068656e-04       5.081681926406e-01 
       9.417213334896e-04       5.415144026504e-01 
       1.005969567549e-03       5.767869270560e-01 
       1.074015180681e-03       6.139788903753e-01 
       1.145850540920e-03       6.530581713182e-01 
       1.221426102816e-03       6.939678904644e-01 
       1.300652947584e-03       7.366282021287e-01 
       1.383407280931e-03       7.809343406236e-01 
       1.469536379877e-03       8.267727143716e-01 
       1.558865363810e-03       8.740160631386e-01 
       1.651204159850e-03       9.225275020159e-01 
       1.746354120612e-03       9.721659107714e-01 
       1.844113897565e-03       1.022789413965e+00 
       1.944284336061e-03       1.074258226490e+00 
       2.046672306651e-03       1.126436916734e+00 
       2.151093502854e-03       1.179196016302e+00 
       2.257374311755e-03       1.232413120431e+00 
       2.365352903918e-03       1.285973586320e+00 
       2.474879700979e-03       1.339770716892e+00 
       2.585817372062e-03       1.393705860912e+00 
       2.698040492158e-03       1.447688240232e+00 
       2.811434972953e-03       1.501634487608e+00 
       2.925897353481e-03       1.555468650729e+00 
       3.041334016956e-03       1.609121225152e+00 
       3.157660382076e-03       1.662529204271e+00 
       3.274800102595e-03       1.715635201147e+00 
       3.392684297570e-03       1.768387532226e+00 
       3.511250826177e-03       1.820739154132e+00 
       3.630443614737e-03       1.872647994963e+00 
       3.750212039206e-03       1.924075900464e+00 
       3.870510363354e-03       1.974989005617e+00 
       3.991297230898e-03       2.025356649586e+00 
       4.112535208638e-03       2.075152117119e+00 
       4.234190376953e-03       2.124350800801e+00 
       4.356231963751e-03       2.172932017776e+00 
       4.478632017852e-03       2.220877133051e+00 
       4.601365117956e-03       2.268170277709e+00 
       4.724408113511e-03       2.314797491945e+00 
       4.847739894063e-03       2.360747024891e+00 
       4.971341183988e-03       2.406009240741e+00 
       5.095194359751e-03       2.450575854786e+00 
       5.219283287167e-03       2.494440070027e+00 
       5.343593176369e-03       2.537598793296e+00 
       5.468110452477e-03       2.580046661319e+00 
       5.592822640147e-03       2.621782403109e+00 
       5.717718260425e-03       2.662804739630e+00 
       5.842786738495e-03       2.703113833175e+00 
       5.968018321074e-03       2.742710638213e+00 
       6.093404002368e-03       2.781597173400e+00 
       6.218935457619e-03       2.819776232290e+00 
       6.344604983390e-03       2.857251057915e+00 
       6.470405443853e-03       2.894024474752e+00 
       6.596330222392e-03       2.930103765527e+00 
       6.722373177975e-03       2.965492080540e+00 
       6.848528605738e-03       3.000195011977e+00 
       6.974791201368e-03       3.034219182762e+00 
       7.101156028851e-03       3.067570746062e+00 
       7.227618491246e-03       3.100255182331e+00 
       7.354174304171e-03       3.132279722297e+00 
       7.480819471708e-03       3.163651717022e+00 
       7.607550264495e-03       3.194378156726e+00 
       7.734363199778e-03       3.224464847368e+00 
       7.861255023222e-03       3.253921711783e+00 
       7.988222692320e-03       3.282753754072e+00 
       8.115263361231e-03       3.310967696136e+00 
       8.242374366917e-03       3.338572179713e+00 
       8.369553216446e-03       3.365574275730e+00 
       8.496797575371e-03       3.391981382665e+00 
       8.624105257053e-03       3.417799944916e+00 
       8.751474212869e-03       3.443036796711e+00 
       8.878902523213e-03       3.467699562649e+00 
       9.006388389210e-03       3.491794138959e+00 
       9.133930125099e-03       3.515328697282e+00 
       9.261526151205e-03       3.538308618800e+00 
       9.389174987464e-03       3.560741263309e+00 
       9.516875247442e-03       3.582631946321e+00 
       9.644625632818e-03       3.603988757124e+00 
       9.772424928278e-03       3.624815612247e+00 
       9.900271996795e-03       3.645121380058e+00 
       1.002816577526e-02       3.664908771267e+00 
       1.015610527045e-02       3.684186330364e+00 
       1.028408955524e-02       3.702960035393e+00 
       1.041211776517e-02       3.721233252330e+00 
       1.054018909521e-02       3.739013113328e+00 
       1.066830279674e-02       3.756306177795e+00 
       1.079645817481e-02       3.773115916939e+00 
       1.092465458552e-02       3.789449424704e+00 
       1.105289143365e-02       3.805310106352e+00 
       1.118116817043e-02       3.820704611254e+00 
       1.130948429144e-02       3.835639919733e+00 
       1.143783933471e-02       3.850118313321e+00 
       1.156623287889e-02       3.864145390951e+00 
       1.169466454164e-02       3.877727362617e+00 
       1.182313397803e-02       3.890869052787e+00 
       1.195164087910e-02       3.903575832704e+00 
       1.208018497055e-02       3.915851180167e+00 
       1.220876601146e-02       3.927705133494e+00 
       1.233738379313e-02       3.939134014272e+00 
       1.246603813802e-02       3.950151059803e+00 
       1.259472889875e-02       3.960757574985e+00 
       1.272345595715e-02       3.970958585938e+00 
       1.285221922340e-02       3.980760583919e+00 
       1.298101863526e-02       3.990164942662e+00 
       1.310985415731e-02       3.999182022158e+00 
       1.323872578024e-02       4.007811715933e+00 
       1.336763352029e-02       4.016060633499e+00 
       1.349657741858e-02       4.023935942897e+00 
       1.362555754067e-02       4.031438612456e+00 
       1.375457397598e-02       4.038574743587e+00 
       1.388362683741e-02       4.045351246871e+00 
       1.401271626091e-02       4.051771387930e+00 
       1.414184240508e-02       4.057838412699e+00 
       1.427100545089e-02       4.063560185173e+00 
       1.440020560134e-02       4.068936921219e+00 
       1.452944308120e-02       4.073977502684e+00 
       1.465871813677e-02       4.078684984081e+00 
       1.478803103568e-02       4.083063781119e+00 
       1.491738206673e-02       4.087118805321e+00 
       1.504677153968e-02       4.090852279089e+00 
       1.517619978518e-02       4.094270274584e+00 
       1.530566715463e-02       4.097378425947e+00 
       1.543517402014e-02       4.100178162592e+00 
       1.556472077443e-02       4.102676530203e+00 
       1.569430783085e-02       4.104875441728e+00 
       1.582393562331e-02       4.106779896927e+00 
       1.595360460635e-02       4.108394422321e+00 
       1.608331525513e-02       4.109721318190e+00 
       1.621306806550e-02       4.110766768313e+00 
       1.634286355406e-02       4.111534489175e+00 
       1.647270225826e-02       4.112023875270e+00 
       1.660258473651e-02       4.112245490264e+00 
       1.673251156829e-02       4.112196542945e+00 
       1.686248335431e-02       4.111884457234e+00 
       1.699250071665e-02       4.111313977057e+00 
       1.712256429898e-02       4.110486640519e+00 
       1.725267476672e-02       4.109408060050e+00 
       1.738283280727e-02       4.108076463353e+00 
       1.751303913022e-02       4.106502545329e+00 
       1.764329446762e-02       4.104682950814e+00 
       1.777359957426e-02       4.102625078273e+00 
       1.790395522789e-02       4.100332648028e+00 
       1.803436222959e-02       4.097807554587e+00 
       1.816482140401e-02       4.095053072565e+00 
       1.829533359977e-02       4.092070283029e+00 
       1.842589968975e-02       4.088867563176e+00 
       1.855652057151e-02       4.085445446567e+00 
       1.868719716760e-02       4.081811978902e+00 
       1.881793042603e-02       4.077958440165e+00 
       1.894872132064e-02       4.073894346312e+00 
       1.907957085153e-02       4.069628485278e+00 
       1.921048004555e-02       4.065157551062e+00 
       1.934144995672e-02       4.060484770985e+00 
       1.947248166675e-02       4.055619802620e+00 
       1.960357628552e-02       4.050556839962e+00 
       1.973473495163e-02       4.045303557122e+00 
       1.986595883290e-02       4.039863852880e+00 
       1.999724912697e-02       4.034238752552e+00 
       2.012860706186e-02       4.028431920668e+00 
       2.026003389659e-02       4.022449211715e+00 
       2.039153092176e-02       4.016290918380e+00 
       2.052309946024e-02       4.009955453050e+00 
       2.065474086780e-02       4.003453457633e+00 
       2.078645653382e-02       3.996789683880e+00 
       2.091824788195e-02       3.989954134130e+00 
       2.105011637092e-02       3.982966763924e+00 
       2.118206349520e-02       3.975821570023e+00 
       2.131409078586e-02       3.968516221398e+00 
       2.144619981132e-02       3.961064894711e+00 
       2.157839217820e-02       3.953464528407e+00 
       2.171066953217e-02       3.945715293883e+00 
       2.184303355883e-02       3.937825116507e+00 
       2.197548598462e-02       3.929795788564e+00 
       2.210802857776e-02       3.921630346365e+00 
       2.224066314921e-02       3.913329032524e+00 
       2.237339155367e-02       3.904895180720e+00 
       2.250621569062e-02       3.896331630569e+00 
       2.263913750536e-02       3.887646658627e+00 
       2.277215899011e-02       3.878836973247e+00 
       2.290528218515e-02       3.869901048787e+00 
       2.303850917997e-02       3.860845374142e+00 
       2.317184211447e-02       3.851683982368e+00 
       2.330528318020e-02       3.842404461351e+00 
       2.343883462165e-02       3.833012613321e+00 
       2.357249873754e-02       3.823520994604e+00 
       2.370627788218e-02       3.813911686104e+00 
       2.384017446692e-02       3.804201199500e+00 
       2.397419096152e-02       3.794398161832e+00 
       2.410832989569e-02       3.784487918444e+00 
       2.424259386064e-02       3.774477146980e+00 
       2.437698551064e-02       3.764373966581e+00 
       2.451150756465e-02       3.754187580444e+00 
       2.464616280806e-02       3.743907802833e+00 
       2.478095409441e-02       3.733539912606e+00 
       2.491588434721e-02       3.723084545860e+00 
       2.505095656177e-02       3.712546932387e+00 
       2.518617380718e-02       3.701923543543e+00 
       2.532153922828e-02       3.691230682195e+00 
       2.545705604769e-02       3.680450520588e+00 
       2.559272756800e-02       3.669596393905e+00 
       2.572855717392e-02       3.658671769877e+00 
       2.586454833455e-02       3.647672356203e+00 
       2.600070460579e-02       3.636610363787e+00 
       2.613702963269e-02       3.625458253515e+00 
       2.627352715205e-02       3.614272258099e+00 
       2.641020099497e-02       3.603004175825e+00 
       2.654705508956e-02       3.591680094466e+00 
       2.668409346375e-02       3.580288939104e+00 
       2.682132024813e-02       3.568837779736e+00 
       2.695873967901e-02       3.557339757157e+00 
       2.709635610147e-02       3.545781350530e+00 
       2.723417397261e-02       3.534167888441e+00 
       2.737219786483e-02       3.522504157125e+00 
       2.751043246934e-02       3.510793704419e+00 
       2.764888259969e-02       3.499033562778e+00 
       2.778755319552e-02       3.487224612234e+00 
       2.792644932638e-02       3.475371590057e+00 
       2.806557619576e-02       3.463475304394e+00 
       2.820493914521e-02       3.451542364118e+00 
       2.834454365867e-02       3.439562877328e+00 
       2.848439536691e-02       3.427552177744e+00 
       2.862450005222e-02       3.415494051131e+00 
       2.876486365322e-02       3.403412267925e+00 
       2.890549226988e-02       3.391291592712e+00 
       2.904639216873e-02       3.379140145947e+00 
       2.918756978830e-02       3.366956170282e+00 
       2.932903174480e-02       3.354747062306e+00 
       2.947078483793e-02       3.342502096771e+00 
       2.961283605707e-02       3.330239106132e+00 
       2.975519258760e-02       3.317944919679e+00 
       2.989786181758e-02       3.305633021846e+00 
       3.004085134464e-02       3.293299797175e+00 
       3.018416898324e-02       3.280939084114e+00 
       3.032782277212e-02       3.268557580877e+00 
       3.047182098223e-02       3.256176462356e+00 
       3.061617212485e-02       3.243753864060e+00 
       3.076088496017e-02       3.231324902183e+00 
       3.090596850625e-02       3.218879311803e+00 
       3.105143204830e-02       3.206417297624e+00 
       3.119728514843e-02       3.193940782236e+00 
       3.134353765589e-02       3.181465265334e+00 
       3.149019971770e-02       3.168969206573e+00 
       3.163728178981e-02       3.156463400486e+00 
       3.178479464878e-02       3.143959270468e+00 
       3.193274940404e-02       3.131448150040e+00 
       3.208115751065e-02       3.118908040420e+00 
       3.223003078281e-02       3.106365850795e+00 
       3.237938140787e-02       3.093834944253e+00 
       3.252922196116e-02       3.081283943891e+00 
       3.267956542152e-02       3.068741302620e+00 
       3.283042518751e-02       3.056197458381e+00 
       3.298181509462e-02       3.043639479725e+00 
       3.313374943320e-02       3.031083398429e+00 
       3.328624296740e-02       3.018530678162e+00 
       3.343931095508e-02       3.005974737144e+00 
       3.359296916877e-02       2.993414869004e+00 
       3.374723391772e-02       2.980855382544e+00 
       3.390212207118e-02       2.968306028107e+00 
       3.405765108294e-02       2.955745988340e+00 
       3.421383901718e-02       2.943197152281e+00 
       3.437070457582e-02       2.930656286800e+00 
       3.452826712732e-02       2.918114319781e+00 
       3.468654673724e-02       2.905568504203e+00 
       3.484556420043e-02       2.893031250169e+00 
       3.500534107521e-02       2.880498572025e+00 
       3.516589971942e-02       2.867965739759e+00 
       3.532726332879e-02       2.855439337027e+00 
       3.548945597745e-02       2.842923777321e+00 
       3.565250266104e-02       2.830403484139e+00 
       3.581642934238e-02       2.817898544094e+00 
       3.598126300008e-02       2.805382084218e+00 
       3.614703168013e-02       2.792886148358e+00 
       3.631376455087e-02       2.780402341029e+00 
       3.648149196144e-02       2.767918918075e+00 
       3.665024550417e-02       2.755440680621e+00 
       3.682005808101e-02       2.742971356439e+00 
       3.699096397447e-02       2.730503919424e+00 
       3.716299892342e-02       2.718047291285e+00 
       3.733620020410e-02       2.705600278339e+00 
       3.751060671680e-02       2.693164316559e+00 
       3.768625907871e-02       2.680721937849e+00 
       3.786319972345e-02       2.668302514475e+00 
       3.804147300782e-02       2.655878401035e+00 
       3.822112532653e-02       2.643471888256e+00 
       3.840220523547e-02       2.631063000833e+00 
       3.858476358439e-02       2.618666155585e+00 
       3.876885365987e-02       2.606271853618e+00 
       3.895453133944e-02       2.593880860892e+00 
       3.914185525800e-02       2.581503234270e+00 
       3.933088698775e-02       2.569120891804e+00 
       3.952169123280e-02       2.556752224588e+00 
       3.971433604007e-02       2.544382499066e+00 
       3.990889302808e-02       2.532014995950e+00 
       4.010543763539e-02       2.519648923960e+00 
       4.030404939083e-02       2.507288257343e+00 
       4.050481220783e-02       2.494930169529e+00 
       4.070781470526e-02       2.482562444766e+00 
       4.091315055804e-02       2.470205152858e+00 
       4.112091888037e-02       2.457838022845e+00 
       4.133122464577e-02       2.445462390957e+00 
       4.154417914768e-02       2.433087885957e+00 
       4.175990050586e-02       2.420703843036e+00 
       4.197851422363e-02       2.408317390492e+00 
       4.220015380249e-02       2.395918752242e+00 
       4.242496142102e-02       2.383505518054e+00 
       4.265308868630e-02       2.371078337928e+00 
       4.288469746711e-02       2.358638575286e+00 
       4.311996081981e-02       2.346177482512e+00 
       4.335906401926e-02       2.333696477333e+00 
       4.360220570905e-02       2.321195900759e+00 
       4.384959918803e-02       2.308675994683e+00 
       4.410147385230e-02       2.296120004800e+00 
       4.435807681560e-02       2.283536720385e+00 
       4.461967473454e-02       2.270922847086e+00 
       4.488655587007e-02       2.258272074024e+00 
       4.515903242196e-02       2.245577257502e+00 
       4.543744317999e-02       2.232848893134e+00 
       4.572215654347e-02       2.220056347713e+00 
       4.601357397103e-02       2.207225808218e+00 
       4.631213393412e-02       2.194338673171e+00 
       4.661831646309e-02       2.181390031736e+00 
       4.693264839240e-02       2.168373741765e+00 
       4.725570943421e-02       2.155283970313e+00 
       4.758813923737e-02       2.142119276267e+00 
       4.793064562330e-02       2.128871071077e+00 
       4.828401423376e-02       2.115523859320e+00 
       4.864911987943e-02       2.102079681578e+00 
       4.902693994686e-02       2.088516978748e+00 
       4.941857030756e-02       2.074836068238e+00 
       4.982524428269e-02       2.061018666381e+00 
       5.024835535616e-02       2.047048494791e+00 
       5.068948450653e-02       2.032921550468e+00 
       5.115043325455e-02       2.018599807501e+00 
       5.163326381137e-02       2.004068666701e+00 
       5.214034807799e-02       1.989295867443e+00 
       5.267442770569e-02       1.974261323314e+00 
       5.323868799565e-02       1.958921881291e+00 
       5.383684909973e-02       1.943233938967e+00 
       5.447327876611e-02       1.927138068358e+00 
       5.515313167956e-02       1.910586497010e+00 
       5.588252108263e-02       1.893475976429e+00 
       5.666872839149e-02       1.875724559651e+00 
       5.752045501951e-02       1.857181169737e+00 
       5.844811576913e-02       1.837676606160e+00 
       5.946416152599e-02       1.816962675015e+00 
       6.058339458538e-02       1.794735682128e+00 
       6.182319337429e-02       1.770560881656e+00 
       6.320348312704e-02       1.743864726724e+00 
       6.474617058149e-02       1.713922116547e+00 
       6.647363380267e-02       1.679768828748e+00 
       6.840584227195e-02       1.640250373860e+00 
       7.055603154066e-02       1.594131927366e+00 
       7.292582367350e-02       1.540392330192e+00 
       7.550198124433e-02       1.478590770773e+00 
       7.825727422448e-02       1.409223495140e+00 
       8.115593123155e-02       1.333952670432e+00 
       8.416107406828e-02       1.255396525854e+00 
       8.724056730443e-02       1.176631510333e+00 
       9.036959509029e-02       1.100737508874e+00 
       9.353054957719e-02       1.030301499496e+00 
       9.671163120305e-02       9.671815713460e-01 
       9.990522218136e-02       9.124327002768e-01 
       1.031065197516e-01       8.662965441553e-01 
       1.063125404237e-01       8.283589750294e-01 
       1.095214476342e-01       7.976597426182e-01 
       1.127321170484e-01       7.728611599664e-01 
       1.159438625857e-01       7.524037095044e-01 
       1.191562663450e-01       7.346418197988e-01 
       1.223690739880e-01       7.180047363323e-01 
       1.255821307384e-01       7.011245879026e-01 
       1.287953423576e-01       6.829377824168e-01 
       1.320086513968e-01       6.627873231712e-01 
       1.352220227624e-01       6.404288013284e-01 
       1.384354349474e-01       6.160285661638e-01 
       1.416488747074e-01       5.900750859596e-01 
       1.448623338272e-01       5.632882721937e-01 
       1.480758071573e-01       5.364969029799e-01 
       1.512892914222e-01       5.105243772035e-01 
       1.545027844946e-01       4.861050142052e-01 
       1.577162849552e-01       4.638025535914e-01 
       1.609297918240e-01       4.439837980925e-01 
       1.641433043966e-01       4.268035254683e-01 
       1.673568221437e-01       4.122111563404e-01 
       1.705703446500e-01       3.999880074599e-01 
       1.737838715759e-01       3.897733578165e-01 
       1.769974026341e-01       3.811175938090e-01 
       1.802109375745e-01       3.735246500064e-01 
       1.834244761748e-01       3.665434083046e-01 
       1.866380182343e-01       3.597279607173e-01 
       1.898515635698e-01       3.526212809362e-01 
       1.930651120127e-01       3.449402375347e-01 
       1.962786634069e-01       3.365292191139e-01 
       1.994922176073e-01       3.273657245869e-01 
       2.027057744784e-01       3.175524974633e-01 
       2.059193338938e-01       3.072815939790e-01 
       2.091328957351e-01       2.968026033428e-01 
       2.123464598910e-01       2.863814595226e-01 
       2.155600262571e-01       2.762693556676e-01 
       2.187735947354e-01       2.666813680930e-01 
       2.219871652333e-01       2.577789596038e-01 
       2.252007376638e-01       2.496720785760e-01 
       2.284143119446e-01       2.424078535442e-01 
       2.316278879984e-01       2.359811769919e-01 
       2.348414657517e-01       2.303321600527e-01 
       2.380550451353e-01       2.253569401965e-01 
       2.412686260835e-01       2.209172105928e-01 
       2.444822085344e-01       2.168561736841e-01 
       2.476957924291e-01       2.130145622321e-01 
       2.509093777116e-01       2.092464104964e-01 
       2.541229643291e-01       2.054310720053e-01 
       2.573365522312e-01       2.014816686146e-01 
       2.605501413700e-01       1.973471162652e-01 
       2.637637317002e-01       1.930127759617e-01 
       2.669773231784e-01       1.884958150923e-01 
       2.701909157634e-01       1.838411679494e-01 
       2.734045094160e-01       1.791154602075e-01 
       2.766181040987e-01       1.743988503927e-01 
       2.798316997759e-01       1.697749086361e-01 
       2.830452964135e-01       1.653217525699e-01 
       2.862588939790e-01       1.611025644516e-01 
       2.894724924412e-01       1.571603565792e-01 
       2.926860917705e-01       1.535169203366e-01 
       2.958996919385e-01       1.501691025946e-01 
       2.991132929181e-01       1.470983843304e-01 
       3.023268946831e-01       1.442714048843e-01 
       3.055404972087e-01       1.416466138585e-01 
       3.087541004710e-01       1.391772253507e-01 
       3.119677044472e-01       1.368152390692e-01 
       3.151813091152e-01       1.345144035735e-01 
       3.183949144541e-01       1.322335955959e-01 
       3.216085204436e-01       1.299403251740e-01 
       3.248221270643e-01       1.276131313255e-01 
       3.280357342975e-01       1.252432895488e-01 
       3.312493421255e-01       1.228340210281e-01 
       3.344629505308e-01       1.203981998968e-01 
       3.376765594971e-01       1.179556590244e-01 
       3.408901690082e-01       1.155295549064e-01 
       3.441037790490e-01       1.131424061271e-01 
       3.473173896046e-01       1.108168533880e-01 
       3.505310006608e-01       1.085712424030e-01 
       3.537446122039e-01       1.064206353617e-01 
       3.569582242206e-01       1.043752009975e-01 
       3.601718366984e-01       1.024389570292e-01 
       3.633854496248e-01       1.006098629017e-01 
       3.665990629880e-01       9.887980371607e-02 
       3.698126767766e-01       9.723576232776e-02 
       3.730262909796e-01       9.566174399296e-02 
       3.762399055862e-01       9.414118031430e-02 
       3.794535205862e-01       9.265891806510e-02 
       3.826671359697e-01       9.120194238375e-02 
       3.858807517269e-01       8.976057223146e-02 
       3.890943678487e-01       8.832796376221e-02 
       3.923079843259e-01       8.690006110110e-02 
       3.955216011500e-01       8.547548510897e-02 
       3.987352183125e-01       8.405519817847e-02 
       4.019488358052e-01       8.264291903453e-02 
       4.051624536203e-01       8.124416329096e-02 
       4.083760717501e-01       7.986580755842e-02 
       4.115896901872e-01       7.851491588329e-02 
       4.148033089245e-01       7.719753975714e-02 
       4.180169279549e-01       7.591819025258e-02 
       4.212305472718e-01       7.467936530860e-02 
       4.244441668687e-01       7.348192849451e-02 
       4.276577867391e-01       7.232553016293e-02 
       4.308714068770e-01       7.120875335850e-02 
       4.340850272764e-01       7.012990010955e-02 
       4.372986479315e-01       6.908595841055e-02 
       4.405122688367e-01       6.807337525433e-02 
       4.437258899865e-01       6.708777935589e-02 
       4.469395113756e-01       6.612423998768e-02 
       4.501531329990e-01       6.517848261082e-02 
       4.533667548515e-01       6.424629250213e-02 
       4.565803769284e-01       6.332571449296e-02 
       4.597939992249e-01       6.241490180687e-02 
       4.630076217364e-01       6.151377378865e-02 
       4.662212444585e-01       6.062261562888e-02 
       4.694348673868e-01       5.974216472070e-02 
       4.726484905172e-01       5.887347274275e-02 
       4.758621138454e-01       5.801783652708e-02 
       4.790757373676e-01       5.717686791073e-02 
       4.822893610797e-01       5.635262553866e-02 
       4.855029849781e-01       5.554699592246e-02 
       4.887166090590e-01       5.476157779772e-02 
       4.919302333189e-01       5.399702084559e-02 
       4.951438577543e-01       5.325323979332e-02 
       4.983574823617e-01       5.252924022421e-02 
       5.015711071378e-01       5.182346807794e-02 
       5.047847320795e-01       5.113432325533e-02 
       5.079983571835e-01       5.046014053069e-02 
       5.112119824468e-01       4.979954980061e-02 
       5.144256078664e-01       4.915127475520e-02 
       5.176392334393e-01       4.851394896201e-02 
       5.208528591628e-01       4.788648810653e-02 
       5.240664850340e-01       4.726777033854e-02 
       5.272801110503e-01       4.665706218895e-02 
       5.304937372089e-01       4.605411107344e-02 
       5.337073635073e-01       4.545919871754e-02 
       5.369209899431e-01       4.487297090198e-02 
       5.401346165137e-01       4.429617586356e-02 
       5.433482432167e-01       4.372938361677e-02 
       5.465618700498e-01       4.317281628434e-02 
       5.497754970107e-01       4.262661007384e-02 
       5.529891240971e-01       4.209068059399e-02 
       5.562027513070e-01       4.156492518361e-02 
       5.594163786381e-01       4.104939628291e-02 
       5.626300060884e-01       4.054412703465e-02 
       5.658436336558e-01       4.004905008020e-02 
       5.690572613384e-01       3.956386219462e-02 
       5.722708891342e-01       3.908796060261e-02 
       5.754845170412e-01       3.862064891283e-02 
       5.786981450577e-01       3.816124511385e-02 
       5.819117731819e-01       3.770919221447e-02 
       5.851254014118e-01       3.726418444209e-02 
       5.883390297459e-01       3.682602226067e-02 
       5.915526581824e-01       3.639467053585e-02 
       5.947662867196e-01       3.596987893722e-02 
       5.979799153559e-01       3.555143771911e-02 
       6.011935440897e-01       3.513903224474e-02 
       6.044071729195e-01       3.473244423728e-02 
       6.076208018437e-01       3.433169455609e-02 
       6.108344308609e-01       3.393694486654e-02 
       6.140480599695e-01       3.354828257588e-02 
       6.172616891681e-01       3.316625114889e-02 
       6.204753184554e-01       3.279073654978e-02 
       6.236889478300e-01       3.242165845888e-02 
       6.269025772905e-01       3.205890357253e-02 
       6.301162068356e-01       3.170193866053e-02 
       6.333298364640e-01       3.135069902058e-02 
       6.365434661744e-01       3.100512958749e-02 
       6.397570959656e-01       3.066519341913e-02 
       6.429707258365e-01       3.033080111773e-02 
       6.461843557857e-01       3.000176236899e-02 
       6.493979858122e-01       2.967780714639e-02 
       6.526116159147e-01       2.935855613790e-02 
       6.558252460922e-01       2.904379475868e-02 
       6.590388763436e-01       2.873334105467e-02 
       6.622525066678e-01       2.842719778856e-02 
       6.654661370637e-01       2.812544678729e-02 
       6.686797675303e-01       2.782813694731e-02 
       6.718933980666e-01       2.753522186569e-02 
       6.751070286716e-01       2.724656776481e-02 
       6.783206593442e-01       2.696201990762e-02 
       6.815342900836e-01       2.668143189891e-02 
       6.847479208889e-01       2.640477975124e-02 
       6.879615517590e-01       2.613212285865e-02 
       6.911751826930e-01       2.586353481761e-02 
       6.943888136902e-01       2.559903760815e-02 
       6.976024447495e-01       2.533857959945e-02 
       7.008160758702e-01       2.508199250034e-02 
       7.040297070514e-01       2.482907794076e-02 
       7.072433382923e-01       2.457966101681e-02 
       7.104569695921e-01       2.433367088393e-02 
       7.136706009499e-01       2.409106915687e-02 
       7.168842323650e-01       2.385190272368e-02 
       7.200978638367e-01       2.361612346887e-02 
       7.233114953641e-01       2.338367390857e-02 
       7.265251269465e-01       2.315442088594e-02 
       7.297387585832e-01       2.292816959011e-02 
       7.329523902735e-01       2.270481444705e-02 
       7.361660220167e-01       2.248432074460e-02 
       7.393796538121e-01       2.226673187729e-02 
       7.425932856589e-01       2.205211613621e-02 
       7.458069175566e-01       2.184048252367e-02 
       7.490205495045e-01       2.163178261873e-02 
       7.522341815020e-01       2.142590868163e-02 
       8.214197034359e-01       1.758455988264e-02 
       9.212179977900e-01       1.355528497732e-02 
       1.079477595233e+00       9.413754927638e-03 
       1.330520112580e+00       5.773780669595e-03 
       1.672579944686e+00       3.350048944394e-03 
       2.105609550409e+00       1.919713215595e-03 
       2.650805217719e+00       1.091064015917e-03 
       3.337166050229e+00       6.155396985650e-04 
       4.201243144010e+00       3.449354380519e-04 
       5.289051755120e+00       1.921137402635e-04 
       6.658521658815e+00       1.064027726829e-04 
       8.382582121265e+00       5.863031690661e-05 
       1.055304564891e+01       3.215502816192e-05 
       1.328549733924e+01       1.755877288337e-05 
       1.672545020869e+01       9.549968276117e-06 
       2.105609429142e+01       5.174839865847e-06 
       2.650805217660e+01       2.794401834202e-06 
       3.337166050229e+01       1.504076419788e-06 
       4.201243144010e+01       8.070816098830e-07 
       5.289051755120e+01       4.318038858877e-07 
       6.658521658815e+01       2.303541253113e-07 
       8.382582121265e+01       1.225301418514e-07 
       1.055304564891e+02       6.497978316428e-08 
       1.328549733924e+02       3.434290650885e-08 
       1.672545020869e+02       1.807986767815e-08 
       2.105609429142e+02       9.472181080438e-09 
       2.650805217660e+02       4.931776361770e-09 
       3.337166050229e+02       2.547102673517e-09 
       4.201243144010e+02       1.302067094921e-09 
       5.289051755120e+02       6.577552341677e-10 
       6.658521658815e+02       3.285919370337e-10 
       8.382582121265e+02       1.633364843092e-10 
       1.055304564891e+03       8.173551007852e-11 
