1.000000000000000048e-04 9.178015000000000256e+00
1.063329999999999999e-04 9.738960000000000505e+00
1.130660000000000047e-04 1.033413499999999985e+01
1.202259999999999971e-04 1.096563999999999872e+01
1.278399999999999957e-04 1.163568000000000069e+01
1.359359999999999941e-04 1.234663499999999914e+01
1.445440000000000039e-04 1.310095499999999902e+01
1.536970000000000025e-04 1.390126500000000043e+01
1.634309999999999875e-04 1.475039999999999907e+01
1.737800000000000065e-04 1.565126500000000043e+01
1.847850000000000003e-04 1.660704499999999939e+01
1.964869999999999909e-04 1.762103000000000108e+01
2.089299999999999935e-04 1.869671999999999912e+01
2.221600000000000007e-04 1.983786000000000271e+01
2.362289999999999909e-04 2.104837000000000202e+01
2.511890000000000238e-04 2.233245000000000147e+01
2.670959999999999784e-04 2.369447499999999707e+01
2.840100000000000133e-04 2.513909999999999911e+01
3.019949999999999978e-04 2.667129500000000064e+01
3.211190000000000268e-04 2.829620500000000050e+01
3.414550000000000029e-04 3.001936000000000249e+01
3.630780000000000227e-04 3.184653499999999937e+01
3.860709999999999836e-04 3.378385500000000263e+01
4.105189999999999772e-04 3.583790000000000475e+01
4.365160000000000199e-04 3.801489999999999725e+01
4.641590000000000125e-04 4.032280000000000086e+01
4.935519999999999664e-04 4.276825000000000188e+01
5.248069999999999645e-04 4.535999999999999943e+01
5.580420000000000215e-04 4.810540000000000305e+01
5.933810000000000300e-04 5.101389999999999958e+01
6.309570000000000239e-04 5.409389999999999787e+01
6.709139999999999939e-04 5.735484999999999900e+01
7.133999999999999933e-04 6.080689999999999884e+01
7.585779999999999867e-04 6.445985000000000298e+01
8.066160000000000170e-04 6.832419999999999050e+01
8.576960000000000226e-04 7.241149999999998954e+01
9.120110000000000066e-04 7.673189999999999600e+01
9.697650000000000367e-04 8.129765000000000441e+01
1.031180000000000031e-03 8.612064999999999770e+01
1.096479999999999937e-03 9.121209999999999241e+01
1.165910000000000037e-03 9.658459999999999468e+01
1.239749999999999967e-03 1.022507499999999965e+02
1.318259999999999918e-03 1.082221000000000117e+02
1.401740000000000061e-03 1.145108999999999924e+02
1.490500000000000071e-03 1.211290499999999923e+02
1.584890000000000040e-03 1.280887999999999920e+02
1.685260000000000057e-03 1.354002999999999872e+02
1.791980000000000092e-03 1.430747499999999945e+02
1.905460000000000096e-03 1.511216000000000008e+02
2.026130000000000118e-03 1.595495999999999981e+02
2.154430000000000147e-03 1.683660999999999888e+02
2.290869999999999972e-03 1.775773999999999830e+02
2.435940000000000154e-03 1.871880500000000040e+02
2.590199999999999968e-03 1.971998000000000104e+02
2.754229999999999873e-03 2.076133499999999970e+02
2.928640000000000149e-03 2.184265999999999792e+02
3.114109999999999795e-03 2.296339499999999987e+02
3.311310000000000035e-03 2.412276999999999987e+02
3.521010000000000199e-03 2.531955999999999847e+02
3.743980000000000051e-03 2.655222499999999854e+02
3.981069999999999748e-03 2.781884000000000015e+02
4.233179999999999582e-03 2.911698999999999842e+02
4.501250000000000043e-03 3.044384000000000015e+02
4.786300000000000276e-03 3.179592499999999973e+02
5.089400000000000000e-03 3.316942999999999984e+02
5.411700000000000191e-03 3.455983999999999696e+02
5.754399999999999793e-03 3.596215000000000259e+02
6.118809999999999701e-03 3.737055000000000291e+02
6.506289999999999643e-03 3.877894999999999754e+02
6.918310000000000431e-03 4.018000000000000114e+02
7.356419999999999799e-03 4.156634999999999991e+02
7.822279999999999164e-03 4.292959999999999923e+02
8.317639999999999409e-03 4.426064999999999827e+02
8.844370000000000703e-03 4.554935000000000400e+02
9.404449999999999962e-03 4.678519999999999754e+02
1.000000000000000021e-02 4.795700000000000500e+02
1.063330000000000004e-02 4.905215000000000032e+02
1.130659999999999998e-02 5.005805000000000291e+02
1.202259999999999961e-02 5.096034999999999968e+02
1.278400000000000022e-02 5.174434999999999718e+02
1.359360000000000082e-02 5.239500000000000455e+02
1.445439999999999919e-02 5.289585000000000719e+02
1.536970000000000003e-02 5.323044999999999618e+02
1.634309999999999929e-02 5.338269999999999982e+02
1.737800000000000109e-02 5.333614999999999782e+02
1.847849999999999840e-02 5.307644999999999982e+02
1.964870000000000158e-02 5.259099999999999682e+02
2.089299999999999838e-02 5.187034999999999627e+02
2.221599999999999964e-02 5.091065000000000396e+02
2.362289999999999876e-02 4.971469999999999914e+02
2.511889999999999956e-02 4.829264999999999759e+02
2.670960000000000001e-02 4.666410000000000196e+02
2.840099999999999916e-02 4.485809999999999604e+02
3.019950000000000065e-02 4.291280000000000427e+02
3.211189999999999878e-02 4.087264999999999873e+02
3.414550000000000224e-02 3.878665000000000305e+02
3.630780000000000118e-02 3.670379999999999541e+02
3.860709999999999836e-02 3.467036999999999694e+02
4.105190000000000228e-02 3.272685499999999479e+02
4.365159999999999874e-02 3.090552500000000009e+02
4.641590000000000299e-02 2.922989999999999782e+02
4.935520000000000185e-02 2.771376999999999953e+02
5.248069999999999818e-02 2.636014499999999998e+02
5.580419999999999825e-02 2.515880500000000097e+02
5.933809999999999779e-02 2.408251999999999953e+02
6.309570000000000456e-02 2.308348000000000013e+02
6.709139999999999548e-02 2.209238500000000158e+02
7.134000000000000064e-02 2.102481499999999812e+02
7.585780000000000300e-02 1.979893999999999892e+02
8.066159999999999997e-02 1.836450000000000102e+02
8.576960000000000139e-02 1.673440999999999974e+02
9.120109999999999328e-02 1.500159500000000037e+02
9.697649999999999326e-02 1.332292500000000075e+02
1.031180000000000013e-01 1.186727499999999935e+02
1.096479999999999955e-01 1.074762500000000074e+02
1.165910000000000002e-01 9.966389999999999816e+01
1.239750000000000019e-01 9.398794999999999789e+01
1.318259999999999987e-01 8.835365000000000180e+01
1.401739999999999930e-01 8.096200000000000330e+01
1.490499999999999881e-01 7.167650000000000432e+01
1.584889999999999910e-01 6.226885000000000048e+01
1.685260000000000091e-01 5.490169999999999817e+01
1.791979999999999962e-01 5.017775000000000318e+01
1.905459999999999932e-01 4.661580000000000013e+01
2.026129999999999876e-01 4.221490000000000009e+01
2.154429999999999956e-01 3.684029999999999916e+01
2.290870000000000128e-01 3.219471500000000219e+01
2.435940000000000050e-01 2.910225499999999954e+01
2.590199999999999725e-01 2.640445499999999868e+01
2.754229999999999734e-01 2.320573499999999711e+01
2.928640000000000132e-01 2.033776499999999743e+01
3.114109999999999934e-01 1.823937499999999901e+01
3.311310000000000087e-01 1.617391999999999896e+01
3.521009999999999973e-01 1.417034499999999930e+01
3.743980000000000086e-01 1.258106500000000061e+01
3.981069999999999887e-01 1.108366000000000007e+01
4.233180000000000276e-01 9.742319999999999425e+00
4.501249999999999973e-01 8.589980000000000615e+00
4.786299999999999999e-01 7.534589999999999677e+00
5.089399999999999480e-01 6.621999999999999886e+00
5.411700000000000399e-01 5.802545000000000286e+00
5.754399999999999515e-01 5.085709999999999731e+00
6.118810000000000082e-01 4.450179999999999580e+00
6.506290000000000129e-01 3.891404999999999781e+00
6.918309999999999738e-01 3.399882499999999919e+00
7.356420000000000181e-01 2.967408499999999894e+00
7.822280000000000344e-01 2.587854500000000169e+00
8.317639999999999478e-01 2.255039500000000086e+00
8.844370000000000287e-01 1.963391499999999956e+00
9.404449999999999754e-01 1.708069999999999977e+00
1.000000000000000000e+00 1.484784000000000104e+00
1.063330000000000108e+00 1.289700999999999986e+00
1.130659999999999998e+00 1.119412000000000074e+00
1.202260000000000106e+00 9.708930000000000060e-01
1.278399999999999981e+00 8.414735000000000964e-01
1.359359999999999902e+00 7.288084999999999702e-01
1.445440000000000058e+00 6.307874999999999455e-01
1.536969999999999947e+00 5.455834999999999990e-01
1.634309999999999929e+00 4.715829999999999744e-01
1.737800000000000011e+00 4.073544999999999527e-01
1.847849999999999993e+00 3.516555000000000097e-01
1.964869999999999894e+00 3.033828000000000080e-01
2.089300000000000157e+00 2.615805499999999673e-01
2.221600000000000019e+00 2.254056000000000115e-01
2.362289999999999779e+00 1.941215500000000038e-01
2.511890000000000178e+00 1.670847500000000041e-01
2.670960000000000001e+00 1.437348499999999973e-01
2.840100000000000069e+00 1.235814999999999969e-01
3.019950000000000134e+00 1.061976999999999921e-01
3.211190000000000211e+00 9.121245000000000047e-02
3.414550000000000196e+00 7.830199999999999660e-02
3.630780000000000118e+00 6.718599999999999572e-02
3.860710000000000086e+00 5.762049999999999811e-02
4.105190000000000339e+00 4.939339999999999703e-02
4.365160000000000373e+00 4.232164999999999538e-02
4.641589999999999883e+00 3.624600000000000044e-02
4.935520000000000351e+00 3.102890000000000162e-02
5.248070000000000235e+00 2.655134999999999787e-02
5.580420000000000158e+00 2.271037999999999876e-02
5.933810000000000251e+00 1.941708999999999796e-02
6.309569999999999901e+00 1.659472500000000114e-02
6.709139999999999660e+00 1.417703000000000019e-02
7.134000000000000341e+00 1.210692000000000018e-02
7.585779999999999745e+00 1.033521999999999913e-02
8.066159999999999997e+00 8.819580000000000475e-03
8.576959999999999695e+00 7.523495000000000703e-03
9.120110000000000383e+00 6.415605000000000439e-03
9.697649999999999437e+00 5.469029999999999725e-03
1.031179999999999986e+01 4.660530000000000402e-03
1.096480000000000032e+01 3.970259999999999762e-03
1.165910000000000046e+01 3.381139999999999927e-03
1.239750000000000085e+01 2.878536499999999852e-03
1.318260000000000076e+01 2.449895000000000111e-03
1.401740000000000030e+01 2.084456499999999893e-03
1.490499999999999936e+01 1.773008999999999870e-03
1.584890000000000043e+01 1.507663499999999969e-03
1.685259999999999891e+01 1.281672000000000193e-03
1.791979999999999862e+01 1.089252499999999926e-03
1.905460000000000065e+01 9.254769999999999620e-04
2.026129999999999853e+01 7.861139999999999751e-04
2.154429999999999978e+01 6.675690000000000183e-04
2.290869999999999962e+01 5.667550000000000582e-04
2.435940000000000083e+01 4.810470000000000176e-04
2.590200000000000102e+01 4.082014999999999711e-04
2.754230000000000089e+01 3.463060999999999809e-04
2.928640000000000043e+01 2.937266499999999637e-04
3.114110000000000156e+01 2.490740000000000076e-04
3.311310000000000286e+01 2.111620000000000088e-04
3.521009999999999707e+01 1.789816000000000009e-04
3.743979999999999819e+01 1.516728500000000127e-04
3.981069999999999709e+01 1.285039000000000081e-04
4.233180000000000121e+01 1.088517500000000035e-04
4.501250000000000284e+01 9.218614999999999828e-05
4.786299999999999955e+01 7.805700000000000160e-05
5.089399999999999835e+01 6.608035000000000167e-05
5.411699999999999733e+01 5.593070000000000306e-05
5.754399999999999693e+01 4.733085000000000102e-05
6.118809999999999860e+01 4.004630000000000315e-05
6.506289999999999907e+01 3.387663999999999622e-05
6.918309999999999604e+01 2.865243499999999937e-05
7.356419999999999959e+01 2.422962499999999758e-05
7.822280000000000655e+01 2.048605999999999745e-05
8.317640000000000100e+01 1.731796500000000013e-05
8.844370000000000687e+01 1.463738500000000046e-05
9.404449999999999932e+01 1.236973500000000025e-05
1.000000000000000000e+02 1.045173500000000099e-05
1.063329999999999984e+02 8.829765000000000663e-06
1.130660000000000025e+02 7.458325000000000288e-06
1.202259999999999991e+02 6.298950000000000060e-06
1.278400000000000034e+02 5.319020000000000787e-06
1.359360000000000070e+02 4.490885000000000287e-06
1.445440000000000111e+02 3.791129999999999988e-06
1.536970000000000027e+02 3.199969500000000178e-06
1.634310000000000116e+02 2.700610500000000001e-06
1.737800000000000011e+02 2.278863999999999752e-06
1.847849999999999966e+02 1.922724999999999874e-06
1.964869999999999948e+02 1.622026000000000181e-06
2.089300000000000068e+02 1.368178000000000117e-06
2.221599999999999966e+02 1.153908000000000091e-06
2.362290000000000134e+02 9.730735000000000610e-07
2.511889999999999930e+02 8.204769999999999161e-07
2.670960000000000036e+02 6.917259999999999566e-07
2.840099999999999909e+02 5.831069999999999552e-07
3.019950000000000045e+02 4.914874999999999466e-07
3.211190000000000282e+02 4.142145000000000196e-07
3.414549999999999841e+02 3.490514999999999542e-07
3.630779999999999745e+02 2.941056999999999970e-07
3.860710000000000264e+02 2.477817999999999775e-07
4.105190000000000055e+02 2.087312499999999984e-07
4.365160000000000196e+02 1.758161999999999753e-07
4.641589999999999918e+02 1.480759000000000164e-07
4.935520000000000209e+02 1.246990499999999932e-07
5.248070000000000164e+02 1.050020999999999950e-07
5.580420000000000300e+02 8.840719999999998976e-08
5.933809999999999718e+02 7.442749999999999595e-08
6.309569999999999936e+02 6.265245000000000195e-08
6.709139999999999873e+02 5.273485000000000055e-08
7.133999999999999773e+02 4.438314999999999598e-08
7.585779999999999745e+02 3.735025000000000055e-08
8.066159999999999854e+02 3.142902000000000279e-08
8.576960000000000264e+02 2.644400500000000003e-08
9.120109999999999673e+02 2.224764500000000109e-08
9.697649999999999864e+02 1.871551500000000121e-08
1.031180000000000064e+03 1.574275499999999875e-08
1.096480000000000018e+03 1.324102499999999895e-08
1.165910000000000082e+03 1.113591500000000062e-08
1.239750000000000000e+03 9.364670000000000502e-09
1.318259999999999991e+03 7.874475000000000769e-09
1.401740000000000009e+03 6.620879999999999992e-09
1.490500000000000000e+03 5.566364999999999730e-09
1.584890000000000100e+03 4.679465000000000239e-09
1.685259999999999991e+03 3.933544999999999572e-09
1.791980000000000018e+03 3.306250499999999987e-09
1.905460000000000036e+03 2.778786499999999791e-09
2.026130000000000109e+03 2.335291000000000017e-09
2.154429999999999836e+03 1.962428999999999903e-09
2.290869999999999891e+03 1.648972500000000118e-09
2.435940000000000055e+03 1.385481999999999869e-09
2.590199999999999818e+03 1.164012499999999965e-09
2.754230000000000018e+03 9.778720000000000742e-10
2.928639999999999873e+03 8.214359999999999746e-10
3.114110000000000127e+03 6.899794999999999746e-10
3.311309999999999945e+03 5.795194999999999239e-10
3.521010000000000218e+03 4.867099999999999664e-10
3.743980000000000018e+03 4.087370000000000021e-10
3.981070000000000164e+03 3.432299499999999972e-10
4.233180000000000291e+03 2.882033000000000154e-10
4.501250000000000000e+03 2.419826499999999926e-10
4.786300000000000182e+03 2.031609999999999822e-10
5.089399999999999636e+03 1.705567500000000015e-10
5.411699999999999818e+03 1.431759000000000019e-10
5.754399999999999636e+03 1.201829999999999923e-10
6.118810000000000400e+03 1.008762999999999885e-10
6.506289999999999964e+03 8.466605000000001081e-11
6.918310000000000400e+03 7.105630000000000773e-11
7.356420000000000073e+03 5.963054999999999939e-11
7.822279999999999745e+03 5.003914999999999646e-11
8.317639999999999418e+03 4.198810000000000362e-11
8.844370000000000800e+03 3.523030000000000267e-11
9.404450000000000728e+03 2.955827000000000225e-11
