# Matter power spectrum P(k) at redshift z=0
# for k=1.04974e-05 to 8.44321 h/Mpc,
# number of wavenumbers equal to 611
#    1:k (h/Mpc)              2:P (Mpc/h)^3        
       1.049743788834e-05       4.730185374909e+01 
       2.344149061265e-05       1.027851558509e+02 
       3.643149981730e-05       1.573668092312e+02 
       4.950276028451e-05       2.116087142371e+02 
       6.269115616887e-05       2.658354479641e+02 
       7.603348409663e-05       3.202932232217e+02 
       8.956778669209e-05       3.751945683459e+02 
       1.033337010070e-04       4.307366656766e+02 
       1.173728263632e-04       4.871108637113e+02 
       1.317291161523e-04       5.445083888044e+02 
       1.464492981412e-04       6.031245019050e+02 
       1.615833277646e-04       6.630893785708e+02 
       1.771848786948e-04       7.247456831200e+02 
       1.933118745825e-04       7.882586138756e+02 
       2.100270651551e-04       8.538678915458e+02 
       2.273986487162e-04       9.218306780578e+02 
       2.455009413065e-04       9.924239206025e+02 
       2.644150901568e-04       1.065947084607e+03 
       2.842298252762e-04       1.142724262450e+03 
       3.050422377370e-04       1.223107119930e+03 
       3.269585660364e-04       1.307476850796e+03 
       3.500949624078e-04       1.396246254600e+03 
       3.745781987433e-04       1.489861864028e+03 
       4.005462566086e-04       1.588804441053e+03 
       4.281487277653e-04       1.693589589716e+03 
       4.575469312724e-04       1.804766205522e+03 
       4.889136321705e-04       1.922913843888e+03 
       5.224322277816e-04       2.048637528377e+03 
       5.582952553105e-04       2.182559999794e+03 
       5.967020750666e-04       2.325310808234e+03 
       6.378556051298e-04       2.477511668182e+03 
       6.819580339237e-04       2.639758539584e+03 
       7.292055232308e-04       2.812600163488e+03 
       7.797820365538e-04       2.996513510417e+03 
       8.338525778120e-04       3.191879165609e+03 
       8.915562822269e-04       3.398955638696e+03 
       9.529999320418e-04       3.617857669615e+03 
       1.018252535567e-03       3.848538966597e+03 
       1.087341575589e-03       4.090783204563e+03 
       1.160251388524e-03       4.344203470043e+03 
       1.236923894747e-03       4.608250675755e+03 
       1.317261608829e-03       4.882232905717e+03 
       1.401132579080e-03       5.165311959270e+03 
       1.488376698540e-03       5.456599292131e+03 
       1.578812731533e-03       5.755147824783e+03 
       1.672245416184e-03       6.059970661715e+03 
       1.768472110102e-03       6.370078959176e+03 
       1.867288604350e-03       6.684506570450e+03 
       1.968493899128e-03       7.002325858439e+03 
       2.071893882655e-03       7.322662329341e+03 
       2.177303965780e-03       7.644702965743e+03 
       2.284550794963e-03       7.967700580209e+03 
       2.393473200280e-03       8.290976855589e+03 
       2.503922541899e-03       8.613920147112e+03 
       2.615762607533e-03       8.935982917068e+03 
       2.728869192953e-03       9.256679781271e+03 
       2.843129473661e-03       9.575581072002e+03 
       2.958441252205e-03       9.892310355190e+03 
       3.074712144456e-03       1.020653702028e+04 
       3.191858750442e-03       1.051797405792e+04 
       3.309805841129e-03       1.082637301249e+04 
       3.428485581606e-03       1.113151946585e+04 
       3.547836802981e-03       1.143322728602e+04 
       3.667804329409e-03       1.173134089091e+04 
       3.788338362565e-03       1.202572617709e+04 
       3.909393923088e-03       1.231627258712e+04 
       4.030930346750e-03       1.260288573044e+04 
       4.152910832013e-03       1.288549021764e+04 
       4.275302035112e-03       1.316402350880e+04 
       4.398073708526e-03       1.343843806323e+04 
       4.521198378752e-03       1.370869395112e+04 
       4.644651059426e-03       1.397476638684e+04 
       4.768408996077e-03       1.423663117488e+04 
       4.892451439082e-03       1.449427185077e+04 
       5.016759441706e-03       1.474770360728e+04 
       5.141315680392e-03       1.499692007424e+04 
       5.266104294767e-03       1.524191907907e+04 
       5.391110745116e-03       1.548272591869e+04 
       5.516321685304e-03       1.571934007272e+04 
       5.641724849364e-03       1.595178614695e+04 
       5.767308950195e-03       1.618008008321e+04 
       5.893063588960e-03       1.640424825774e+04 
       6.018979173974e-03       1.662431754826e+04 
       6.145046848005e-03       1.684031353625e+04 
       6.271258423022e-03       1.705226731613e+04 
       6.397606321579e-03       1.726021318379e+04 
       6.524083524066e-03       1.746417692184e+04 
       6.650683521208e-03       1.766419732333e+04 
       6.777400271221e-03       1.786030753956e+04 
       6.904228161122e-03       1.805254014381e+04 
       7.031161971749e-03       1.824093804088e+04 
       7.158196846100e-03       1.842553526239e+04 
       7.285328260637e-03       1.860636548228e+04 
       7.412551999239e-03       1.878346686497e+04 
       7.539864129549e-03       1.895688143047e+04 
       7.667260981458e-03       1.912664592504e+04 
       7.794739127506e-03       1.929279344589e+04 
       7.922295365022e-03       1.945537176265e+04 
       8.049926699825e-03       1.961441567439e+04 
       8.177630331326e-03       1.976995826883e+04 
       8.305403638914e-03       1.992204097049e+04 
       8.433244169478e-03       2.007070811039e+04 
       8.561149625986e-03       2.021599543037e+04 
       8.689117856997e-03       2.035793437758e+04 
       8.817146847037e-03       2.049657286229e+04 
       8.945234707752e-03       2.063193696608e+04 
       9.073379669769e-03       2.076407519166e+04 
       9.201580075204e-03       2.089301903240e+04 
       9.329834370756e-03       2.101880384057e+04 
       9.458141101344e-03       2.114146756612e+04 
       9.586498904222e-03       2.126104700799e+04 
       9.714906503559e-03       2.137757877510e+04 
       9.843362705416e-03       2.149108811591e+04 
       9.971866393108e-03       2.160162522399e+04 
       1.010041652291e-02       2.170921513309e+04 
       1.022901212007e-02       2.181389428084e+04 
       1.035765227513e-02       2.191569680353e+04 
       1.048633614051e-02       2.201465722471e+04 
       1.061506292734e-02       2.211080764943e+04 
       1.074383190249e-02       2.220418134224e+04 
       1.087264238587e-02       2.229481448667e+04 
       1.100149374788e-02       2.238274135895e+04 
       1.113038540703e-02       2.246798962813e+04 
       1.125931682780e-02       2.255058481427e+04 
       1.138828751854e-02       2.263057088262e+04 
       1.151729702960e-02       2.270798415491e+04 
       1.164634495159e-02       2.278283657404e+04 
       1.177543091371e-02       2.285518136884e+04 
       1.190455458222e-02       2.292503370692e+04 
       1.203371565905e-02       2.299242718766e+04 
       1.216291388047e-02       2.305739472264e+04 
       1.229214901583e-02       2.311997289424e+04 
       1.242142086649e-02       2.318018480012e+04 
       1.255072926470e-02       2.323806142371e+04 
       1.268007407262e-02       2.329362136984e+04 
       1.280945518147e-02       2.334691819244e+04 
       1.293887251059e-02       2.339796555747e+04 
       1.306832600675e-02       2.344679127312e+04 
       1.319781564336e-02       2.349343633228e+04 
       1.332734141982e-02       2.353790862160e+04 
       1.345690336091e-02       2.358024496351e+04 
       1.358650151624e-02       2.362048052733e+04 
       1.371613595966e-02       2.365861987949e+04 
       1.384580678886e-02       2.369471934331e+04 
       1.397551412490e-02       2.372878558095e+04 
       1.410525811179e-02       2.376084780042e+04 
       1.423503891617e-02       2.379092634903e+04 
       1.436485672695e-02       2.381906174370e+04 
       1.449471175507e-02       2.384525739850e+04 
       1.462460423315e-02       2.386957152869e+04 
       1.475453441537e-02       2.389199622034e+04 
       1.488450257717e-02       2.391257718925e+04 
       1.501450901516e-02       2.393132097391e+04 
       1.514455404692e-02       2.394827124683e+04 
       1.527463801090e-02       2.396344157931e+04 
       1.540476126634e-02       2.397684897505e+04 
       1.553492419317e-02       2.398853363906e+04 
       1.566512719198e-02       2.399851222486e+04 
       1.579537068400e-02       2.400678738708e+04 
       1.592565511107e-02       2.401341596264e+04 
       1.605598093571e-02       2.401838488776e+04 
       1.618634864107e-02       2.402175106676e+04 
       1.631675873110e-02       2.402351779112e+04 
       1.644721173052e-02       2.402371182513e+04 
       1.657770818498e-02       2.402234117442e+04 
       1.670824866116e-02       2.401945732470e+04 
       1.683883374690e-02       2.401506912460e+04 
       1.696946405134e-02       2.400917523407e+04 
       1.710014020509e-02       2.400182711946e+04 
       1.723086286044e-02       2.399302636747e+04 
       1.736163269154e-02       2.398280686192e+04 
       1.749245039461e-02       2.397118468896e+04 
       1.762331668819e-02       2.395818283366e+04 
       1.775423231341e-02       2.394381197526e+04 
       1.788519803423e-02       2.392810105633e+04 
       1.801621463772e-02       2.391106953021e+04 
       1.814728293441e-02       2.389272716510e+04 
       1.827840375857e-02       2.387312387232e+04 
       1.840957796854e-02       2.385223083312e+04 
       1.854080644711e-02       2.383011472794e+04 
       1.867209010189e-02       2.380675585983e+04 
       1.880342986566e-02       2.378220345531e+04 
       1.893482669681e-02       2.375646853629e+04 
       1.906628157976e-02       2.372956096346e+04 
       1.919779552537e-02       2.370153946986e+04 
       1.932936957143e-02       2.367234996731e+04 
       1.946100478311e-02       2.364202953817e+04 
       1.959270225345e-02       2.361065632287e+04 
       1.972446310390e-02       2.357819928465e+04 
       1.985628848481e-02       2.354469011180e+04 
       1.998817957601e-02       2.351013302562e+04 
       2.012013758737e-02       2.347457526783e+04 
       2.025216375937e-02       2.343801965876e+04 
       2.038425936372e-02       2.340045179131e+04 
       2.051642570400e-02       2.336193356607e+04 
       2.064866411630e-02       2.332245497207e+04 
       2.078097596986e-02       2.328204260649e+04 
       2.091336266783e-02       2.324075738466e+04 
       2.104582564791e-02       2.319852044051e+04 
       2.117836638316e-02       2.315542477980e+04 
       2.131098638270e-02       2.311145669733e+04 
       2.144368719255e-02       2.306665735300e+04 
       2.157647039638e-02       2.302102333278e+04 
       2.170933761642e-02       2.297454152837e+04 
       2.184229051427e-02       2.292728627231e+04 
       2.197533079181e-02       2.287923681493e+04 
       2.210846019211e-02       2.283038002083e+04 
       2.224168050040e-02       2.278082534770e+04 
       2.237499354502e-02       2.273053399735e+04 
       2.250840119845e-02       2.267952361174e+04 
       2.264190537832e-02       2.262778988897e+04 
       2.277550804852e-02       2.257534800247e+04 
       2.290921122029e-02       2.252221850530e+04 
       2.304301695333e-02       2.246845875136e+04 
       2.317692735703e-02       2.241404528078e+04 
       2.331094459164e-02       2.235896703126e+04 
       2.344507086955e-02       2.230327495620e+04 
       2.357930845653e-02       2.224696992612e+04 
       2.371365967314e-02       2.219007936509e+04 
       2.384812689602e-02       2.213261593920e+04 
       2.398271255938e-02       2.207456183369e+04 
       2.411741915640e-02       2.201595678724e+04 
       2.425224924079e-02       2.195682962769e+04 
       2.438720542828e-02       2.189711798078e+04 
       2.452229039832e-02       2.183697230186e+04 
       2.465750689565e-02       2.177626371574e+04 
       2.479285773207e-02       2.171509331965e+04 
       2.492834578818e-02       2.165339847129e+04 
       2.506397401522e-02       2.159131038215e+04 
       2.519974543695e-02       2.152872643147e+04 
       2.533566315159e-02       2.146570895749e+04 
       2.547173033387e-02       2.140226937328e+04 
       2.560795023707e-02       2.133839460972e+04 
       2.574432619519e-02       2.127412674024e+04 
       2.588086162518e-02       2.120944067138e+04 
       2.601756002923e-02       2.114445369054e+04 
       2.615442499713e-02       2.107900127317e+04 
       2.629146020879e-02       2.101319811079e+04 
       2.642866943672e-02       2.094707748466e+04 
       2.656605654870e-02       2.088062477850e+04 
       2.670362551049e-02       2.081381737751e+04 
       2.684138038867e-02       2.074667322508e+04 
       2.697932535355e-02       2.067926628221e+04 
       2.711746468219e-02       2.061152535819e+04 
       2.725580276157e-02       2.054353014449e+04 
       2.739434409178e-02       2.047521913451e+04 
       2.753309328947e-02       2.040669663328e+04 
       2.767205509125e-02       2.033788633566e+04 
       2.781123435739e-02       2.026883486704e+04 
       2.795063607554e-02       2.019952269471e+04 
       2.809026536461e-02       2.013003919708e+04 
       2.823012747885e-02       2.006025821617e+04 
       2.837022781202e-02       1.999030215207e+04 
       2.851057190178e-02       1.992014371725e+04 
       2.865116543417e-02       1.984979606874e+04 
       2.879201424837e-02       1.977928708958e+04 
       2.893312434153e-02       1.970858195742e+04 
       2.907450187390e-02       1.963767328545e+04 
       2.921615317408e-02       1.956659237161e+04 
       2.935808474454e-02       1.949545919037e+04 
       2.950030326732e-02       1.942411389052e+04 
       2.964281560997e-02       1.935260168731e+04 
       2.978562883180e-02       1.928099517520e+04 
       2.992875019027e-02       1.920927020214e+04 
       3.007218714776e-02       1.913738497584e+04 
       3.021594737853e-02       1.906547682533e+04 
       3.036003877608e-02       1.899341213151e+04 
       3.050446946072e-02       1.892127286945e+04 
       3.064924778755e-02       1.884902122309e+04 
       3.079438235475e-02       1.877671781826e+04 
       3.093988201220e-02       1.870432619124e+04 
       3.108575587060e-02       1.863182294141e+04 
       3.123201331084e-02       1.855931308011e+04 
       3.137866399394e-02       1.848672041358e+04 
       3.152571787135e-02       1.841408882072e+04 
       3.167318519573e-02       1.834135229693e+04 
       3.182107653231e-02       1.826867654219e+04 
       3.196940277070e-02       1.819588433856e+04 
       3.211817513728e-02       1.812308364884e+04 
       3.226740520818e-02       1.805028324088e+04 
       3.241710492293e-02       1.797747413512e+04 
       3.256728659872e-02       1.790462441646e+04 
       3.271796294540e-02       1.783176127049e+04 
       3.286914708117e-02       1.775885084154e+04 
       3.302085254913e-02       1.768602240519e+04 
       3.317309333465e-02       1.761310424543e+04 
       3.332588388357e-02       1.754028267734e+04 
       3.347923912141e-02       1.746741262169e+04 
       3.363317447357e-02       1.739452229550e+04 
       3.378770588659e-02       1.732175149680e+04 
       3.394284985052e-02       1.724898062287e+04 
       3.409862342252e-02       1.717619443184e+04 
       3.425504425180e-02       1.710341405717e+04 
       3.441213060581e-02       1.703068757510e+04 
       3.456990139801e-02       1.695797284044e+04 
       3.472837621714e-02       1.688533831990e+04 
       3.488757535817e-02       1.681273654506e+04 
       3.504751985505e-02       1.674015592643e+04 
       3.520823151535e-02       1.666756602998e+04 
       3.536973295693e-02       1.659512485626e+04 
       3.553204764684e-02       1.652264211486e+04 
       3.569519994254e-02       1.645021023814e+04 
       3.585921513562e-02       1.637787846309e+04 
       3.602411949826e-02       1.630556719269e+04 
       3.618994033256e-02       1.623331196200e+04 
       3.635670602303e-02       1.616108109978e+04 
       3.652444609240e-02       1.608895949199e+04 
       3.669319126108e-02       1.601683030166e+04 
       3.686297351055e-02       1.594475743764e+04 
       3.703382615091e-02       1.587277679548e+04 
       3.720578389307e-02       1.580082698860e+04 
       3.737888292577e-02       1.572890980574e+04 
       3.755316099803e-02       1.565706218359e+04 
       3.772865750734e-02       1.558528927667e+04 
       3.790541359411e-02       1.551355211581e+04 
       3.808347224299e-02       1.544188589843e+04 
       3.826287839155e-02       1.537017269432e+04 
       3.844367904702e-02       1.529858329180e+04 
       3.862592341189e-02       1.522702045985e+04 
       3.880966301898e-02       1.515550532831e+04 
       3.899495187709e-02       1.508405883537e+04 
       3.918184662806e-02       1.501260479279e+04 
       3.937040671635e-02       1.494120416525e+04 
       3.956069457237e-02       1.486983216089e+04 
       3.975277581098e-02       1.479847932567e+04 
       3.994671944652e-02       1.472714104887e+04 
       4.014259812609e-02       1.465583939905e+04 
       4.034048838312e-02       1.458454700018e+04 
       4.054047091305e-02       1.451329400368e+04 
       4.074263087374e-02       1.444199555259e+04 
       4.094705821308e-02       1.437070435705e+04 
       4.115384802697e-02       1.429944962770e+04 
       4.136310095088e-02       1.422815553760e+04 
       4.157492358892e-02       1.415683799436e+04 
       4.178942898471e-02       1.408548189101e+04 
       4.200673713904e-02       1.401412178020e+04 
       4.222697557981e-02       1.394265511234e+04 
       4.245027999076e-02       1.387119191163e+04 
       4.267679490628e-02       1.379965538494e+04 
       4.290667448056e-02       1.372801958596e+04 
       4.314008334098e-02       1.365633392156e+04 
       4.337719753656e-02       1.358457812604e+04 
       4.361820559446e-02       1.351264749384e+04 
       4.386330969936e-02       1.344063070955e+04 
       4.411272701295e-02       1.336845157089e+04 
       4.436669115362e-02       1.329615594562e+04 
       4.462545385987e-02       1.322367567098e+04 
       4.488928686495e-02       1.315103450359e+04 
       4.515848401508e-02       1.307814145975e+04 
       4.543336366941e-02       1.300505738287e+04 
       4.571427142697e-02       1.293169446624e+04 
       4.600158323424e-02       1.285805372648e+04 
       4.629570893738e-02       1.278417443572e+04 
       4.659709635565e-02       1.270994104429e+04 
       4.690623596818e-02       1.263535414700e+04 
       4.722366632486e-02       1.256036258422e+04 
       4.754998031602e-02       1.248500694756e+04 
       4.788583246426e-02       1.240910541755e+04 
       4.823194743802e-02       1.233273510059e+04 
       4.858913003206e-02       1.225578753383e+04 
       4.895827691635e-02       1.217828197558e+04 
       4.934039052690e-02       1.210004821319e+04 
       4.973659556256e-02       1.202111376473e+04 
       5.014815866658e-02       1.194133781149e+04 
       5.057651201847e-02       1.186063638800e+04 
       5.102328174780e-02       1.177898526117e+04 
       5.149032231931e-02       1.169621351905e+04 
       5.197975834148e-02       1.161213256192e+04 
       5.249403563324e-02       1.152672282942e+04 
       5.303598386421e-02       1.143969955052e+04 
       5.360889367580e-02       1.135088414121e+04 
       5.421661189762e-02       1.126002684579e+04 
       5.486365927195e-02       1.116675809264e+04 
       5.555537589743e-02       1.107075624440e+04 
       5.629810017546e-02       1.097147163200e+04 
       5.709938688124e-02       1.086825954133e+04 
       5.796826803727e-02       1.076040111393e+04 
       5.891555447941e-02       1.064678982135e+04 
       5.995416254475e-02       1.052599967671e+04 
       6.109942257045e-02       1.039619188463e+04 
       6.236927384520e-02       1.025491320172e+04 
       6.378416297505e-02       1.009883945395e+04 
       6.536633806560e-02       9.923600884240e+03 
       6.713811106309e-02       9.723744331562e+03 
       6.911868813501e-02       9.492883057489e+03 
       7.131961804625e-02       9.224445618880e+03 
       7.373998924807e-02       8.913371515193e+03 
       7.636375409540e-02       8.558269721432e+03 
       7.916148847583e-02       8.163426842479e+03 
       8.209649482124e-02       7.739341585743e+03 
       8.513222505943e-02       7.301329846229e+03 
       8.823761364771e-02       6.866755019315e+03 
       9.138909092609e-02       6.452199467971e+03 
       9.457013428566e-02       6.071179016473e+03 
       9.776975946816e-02       5.732962219095e+03 
       1.009809112735e-01       5.442200882349e+03 
       1.041991559203e-01       5.199253896176e+03 
       1.074217446051e-01       5.001110487440e+03 
       1.106469872850e-01       4.841673140939e+03 
       1.138738500777e-01       4.713201376259e+03 
       1.171017023624e-01       4.606877448239e+03 
       1.203301601051e-01       4.513615524162e+03 
       1.235589895985e-01       4.424864372229e+03 
       1.267880486173e-01       4.333345015439e+03 
       1.300172505535e-01       4.233602632970e+03 
       1.332465425965e-01       4.122444505522e+03 
       1.364758924728e-01       3.999023825031e+03 
       1.397052803911e-01       3.864677612309e+03 
       1.429346941519e-01       3.722482224674e+03 
       1.461641261778e-01       3.576637927662e+03 
       1.493935717096e-01       3.431810812308e+03 
       1.526230277113e-01       3.292507401589e+03 
       1.558524922040e-01       3.162571478118e+03 
       1.590819638607e-01       3.044880035317e+03 
       1.623114417597e-01       2.941134083263e+03 
       1.655409252339e-01       2.851876884643e+03 
       1.687704137789e-01       2.776573296018e+03 
       1.719999069959e-01       2.713788266465e+03 
       1.752294045570e-01       2.661398903287e+03 
       1.784589061834e-01       2.616848213713e+03 
       1.816884116315e-01       2.577386959280e+03 
       1.849179206843e-01       2.540626506230e+03 
       1.881474331454e-01       2.504101438334e+03 
       1.913769488351e-01       2.465476944395e+03 
       1.946064675881e-01       2.423347951818e+03 
       1.978359892510e-01       2.377032263656e+03 
       2.010655136812e-01       2.326582082630e+03 
       2.042950407457e-01       2.272710730979e+03 
       2.075245703202e-01       2.216588975739e+03 
       2.107541022880e-01       2.159649634202e+03 
       2.139836365398e-01       2.103370001307e+03 
       2.172131729729e-01       2.049097803656e+03 
       2.204427114907e-01       1.997921793007e+03 
       2.236722520021e-01       1.950656684801e+03 
       2.269017944215e-01       1.907781074534e+03 
       2.301313386679e-01       1.869454859098e+03 
       2.333608846649e-01       1.835558622584e+03 
       2.365904323404e-01       1.805694695135e+03 
       2.398199816261e-01       1.779244877245e+03 
       2.430495324574e-01       1.755434282292e+03 
       2.462790847730e-01       1.733404676592e+03 
       2.495086385151e-01       1.712311543402e+03 
       2.527381936285e-01       1.691398887303e+03 
       2.559677500610e-01       1.670063211457e+03 
       2.591973077630e-01       1.647892680010e+03 
       2.624268666873e-01       1.624671576749e+03 
       2.656564267891e-01       1.600374920854e+03 
       2.688859880258e-01       1.575149904880e+03 
       2.721155503566e-01       1.549277990933e+03 
       2.753451137429e-01       1.523139974444e+03 
       2.785746781477e-01       1.497172372760e+03 
       2.818042435358e-01       1.471817136757e+03 
       2.850338098737e-01       1.447465687147e+03 
       2.882633771291e-01       1.424430382504e+03 
       2.914929452714e-01       1.402901404252e+03 
       2.947225142714e-01       1.382951314596e+03 
       2.979520841010e-01       1.364533379527e+03 
       3.011816547333e-01       1.347528622731e+03 
       3.044112261426e-01       1.331731217494e+03 
       3.076407983045e-01       1.316912978351e+03 
       3.108703711952e-01       1.302826675752e+03 
       3.140999447922e-01       1.289223260200e+03 
       3.173295190739e-01       1.275870644789e+03 
       3.205590940194e-01       1.262573664442e+03 
       3.237886696087e-01       1.249178561931e+03 
       3.270182458228e-01       1.235596711375e+03 
       3.302478226431e-01       1.221800766065e+03 
       3.334774000520e-01       1.207824601703e+03 
       3.367069780324e-01       1.193749437289e+03 
       3.399365565681e-01       1.179686530036e+03 
       3.431661356432e-01       1.165757732717e+03 
       3.463957152426e-01       1.152079645578e+03 
       3.496252953517e-01       1.138757653057e+03 
       3.528548759564e-01       1.125881258892e+03 
       3.560844570432e-01       1.113513136765e+03 
       3.593140385990e-01       1.101692124485e+03 
       3.625436206113e-01       1.090428261655e+03 
       3.657732030678e-01       1.079699607844e+03 
       3.690027859570e-01       1.069457731759e+03 
       3.722323692674e-01       1.059633591910e+03 
       3.754619529881e-01       1.050142276364e+03 
       3.786915371087e-01       1.040901653136e+03 
       3.819211216189e-01       1.031837890725e+03 
       3.851507065089e-01       1.022892474525e+03 
       3.883802917692e-01       1.014021147493e+03 
       3.916098773905e-01       1.005198025338e+03 
       3.948394633640e-01       9.964091060334e+02 
       3.980690496811e-01       9.876515407782e+02 
       4.012986363334e-01       9.789382548399e+02 
       4.045282233129e-01       9.702873885335e+02 
       4.077578106118e-01       9.617279195876e+02 
       4.109873982224e-01       9.532933150412e+02 
       4.142169861376e-01       9.450164921888e+02 
       4.174465743502e-01       9.369243462216e+02 
       4.206761628533e-01       9.290332890697e+02 
       4.239057516403e-01       9.213543536542e+02 
       4.271353407046e-01       9.138868360901e+02 
       4.303649300401e-01       9.066256820939e+02 
       4.335945196406e-01       8.995593192041e+02 
       4.368241095003e-01       8.926789414092e+02 
       4.400536996134e-01       8.859698779629e+02 
       4.432832899744e-01       8.794112650738e+02 
       4.465128805778e-01       8.729865022274e+02 
       4.497424714184e-01       8.666726299575e+02 
       4.529720624912e-01       8.604480264363e+02 
       4.562016537912e-01       8.542974842363e+02 
       4.594312453135e-01       8.482117047811e+02 
       4.626608370535e-01       8.421844564053e+02 
       4.658904290067e-01       8.362172375657e+02 
       4.691200211686e-01       8.303117165001e+02 
       4.723496135350e-01       8.244734316282e+02 
       4.755792061016e-01       8.187058974418e+02 
       4.788087988645e-01       8.130152955580e+02 
       4.820383918195e-01       8.074086931240e+02 
       4.852679849630e-01       8.018943790047e+02 
       4.884975782911e-01       7.964773709231e+02 
       4.917271718002e-01       7.911655759086e+02 
       4.949567654868e-01       7.859599569337e+02 
       4.981863593473e-01       7.808595610660e+02 
       5.014159533784e-01       7.758575473299e+02 
       5.046455475769e-01       7.709476413465e+02 
       5.078751419394e-01       7.661209094893e+02 
       5.111047364630e-01       7.613702089273e+02 
       5.143343311445e-01       7.566894578623e+02 
       5.175639259810e-01       7.520728450454e+02 
       5.207935209695e-01       7.475163296125e+02 
       5.240231161074e-01       7.430131627175e+02 
       5.272527113918e-01       7.385614494581e+02 
       5.304823068200e-01       7.341568507740e+02 
       5.337119023894e-01       7.297994351579e+02 
       5.369414980975e-01       7.254899315632e+02 
       5.401710939418e-01       7.212312061449e+02 
       5.434006899198e-01       7.170257925396e+02 
       5.466302860292e-01       7.128765547132e+02 
       5.498598822676e-01       7.087839807847e+02 
       5.530894786327e-01       7.047477247082e+02 
       5.563190751224e-01       7.007674440405e+02 
       5.595486717345e-01       6.968413389358e+02 
       5.627782684669e-01       6.929698837971e+02 
       5.660078653175e-01       6.891519197877e+02 
       5.692374622843e-01       6.853869063496e+02 
       5.724670593653e-01       6.816741612690e+02 
       5.756966565586e-01       6.780099928794e+02 
       5.789262538624e-01       6.743920264027e+02 
       5.821558512746e-01       6.708171075022e+02 
       5.853854487937e-01       6.672831253056e+02 
       5.886150464178e-01       6.637886572646e+02 
       5.918446441451e-01       6.603328438498e+02 
       5.950742419740e-01       6.569154560178e+02 
       5.983038399029e-01       6.535356810350e+02 
       6.015334379301e-01       6.501925513026e+02 
       6.047630360541e-01       6.468849959193e+02 
       6.079926342732e-01       6.436122245436e+02 
       6.112222325861e-01       6.403735491792e+02 
       6.144518309912e-01       6.371695983731e+02 
       6.176814294870e-01       6.340003517994e+02 
       6.209110280722e-01       6.308679698239e+02 
       6.241406267453e-01       6.277713576717e+02 
       6.273702255050e-01       6.247101386503e+02 
       6.305998243500e-01       6.216835226988e+02 
       6.338294232789e-01       6.186904185926e+02 
       6.370590222905e-01       6.157286959531e+02 
       6.402886213835e-01       6.127987489037e+02 
       6.435182205566e-01       6.098997434042e+02 
       6.467478198088e-01       6.070315770813e+02 
       6.499774191388e-01       6.041935309987e+02 
       6.532070185454e-01       6.013843577635e+02 
       6.564366180275e-01       5.986030127063e+02 
       6.596662175840e-01       5.958479327701e+02 
       6.628958172138e-01       5.931189046625e+02 
       6.661254169159e-01       5.904154249263e+02 
       6.693550166891e-01       5.877377089822e+02 
       6.725846165325e-01       5.850859460671e+02 
       6.758142164451e-01       5.824599412439e+02 
       6.790438164259e-01       5.798590760705e+02 
       6.822734164738e-01       5.772825844376e+02 
       6.855030165880e-01       5.747299445041e+02 
       6.887326167675e-01       5.722007434935e+02 
       6.919622170113e-01       5.696949926544e+02 
       6.951918173187e-01       5.672128469627e+02 
       6.984214176887e-01       5.647540808384e+02 
       7.016510181204e-01       5.623185435367e+02 
       7.048806186130e-01       5.599055756409e+02 
       7.081102191657e-01       5.575144119567e+02 
       7.113398197776e-01       5.551443410354e+02 
       7.145694204480e-01       5.527948399994e+02 
       7.177990211760e-01       5.504656635368e+02 
       7.210286219608e-01       5.481569071134e+02 
       7.242582228018e-01       5.458684460176e+02 
       7.274878236981e-01       5.435997698578e+02 
       7.307174246491e-01       5.413504639198e+02 
       7.339470256539e-01       5.391199003733e+02 
       7.371766267119e-01       5.369076798115e+02 
       7.404062278224e-01       5.347133568543e+02 
       7.436358289848e-01       5.325369792743e+02 
       7.468654301982e-01       5.303786551030e+02 
       7.500950314621e-01       5.282383321309e+02 
       7.533246327759e-01       5.261158653566e+02 
       7.565542341388e-01       5.240107541003e+02 
       8.263007792820e-01       4.823015903973e+02 
       9.270043371803e-01       4.321629612888e+02 
       1.086815838287e+00       3.692685622766e+02 
       1.340075485027e+00       2.956501138334e+02 
       1.684674531650e+00       2.256046984982e+02 
       2.120837535227e+00       1.658912554539e+02 
       2.669976123584e+00       1.174645961165e+02 
       3.361300790796e+00       8.028533065483e+01 
       4.231626982217e+00       5.322232326122e+01 
       5.327302741146e+00       3.440310928622e+01 
       6.706676797150e+00       2.179430974246e+01 
       8.443205848622e+00       1.359099944011e+01 
