# Matter power spectrum P(k) at redshift z=0
# for k=1.04974e-05 to 8.44321 h/Mpc,
# number of wavenumbers equal to 611
#    1:k (h/Mpc)              2:P (Mpc/h)^3        
       1.049743788834e-05       4.730151556908e+01 
       2.344149061265e-05       1.027844280963e+02 
       3.643149981730e-05       1.573657142585e+02 
       4.950276028451e-05       2.116072792029e+02 
       6.269115616887e-05       2.658337070010e+02 
       7.603348409663e-05       3.202912187537e+02 
       8.956778669209e-05       3.751923523752e+02 
       1.033337010070e-04       4.307343012618e+02 
       1.173728263632e-04       4.871084267475e+02 
       1.317291161523e-04       5.445059701927e+02 
       1.464492981412e-04       6.031222102065e+02 
       1.615833277646e-04       6.631596361216e+02 
       1.771848786948e-04       7.248306838625e+02 
       1.933118745825e-04       7.883603550507e+02 
       2.100270651551e-04       8.539886034168e+02 
       2.273986487162e-04       9.219728636892e+02 
       2.455009413065e-04       9.925904024044e+02 
       2.644150901568e-04       1.066141059016e+03 
       2.842298252762e-04       1.142949364182e+03 
       3.050422377370e-04       1.223367497765e+03 
       3.269585660364e-04       1.307777256835e+03 
       3.500949624078e-04       1.396592149443e+03 
       3.745781987433e-04       1.490259540714e+03 
       4.005462566086e-04       1.589261170523e+03 
       4.281487277653e-04       1.694113791287e+03 
       4.575469312724e-04       1.805367645452e+03 
       4.889136321705e-04       1.923603865399e+03 
       5.224322277816e-04       2.049429315779e+03 
       5.582952553105e-04       2.183468878558e+03 
       5.967020750666e-04       2.326354581314e+03 
       6.378556051298e-04       2.478710986434e+03 
       6.819580339237e-04       2.641137301299e+03 
       7.292055232308e-04       2.814185933753e+03 
       7.797820365538e-04       2.998337946334e+03 
       8.338525778120e-04       3.193978429374e+03 
       8.915562822269e-04       3.401370774670e+03 
       9.529999320418e-04       3.620634919950e+03 
       1.018252535567e-03       3.851729997852e+03 
       1.087341575589e-03       4.094445221032e+03 
       1.160251388524e-03       4.348399193760e+03 
       1.236923894747e-03       4.613048181285e+03 
       1.317261608829e-03       4.887705310413e+03 
       1.401132579080e-03       5.171536933234e+03 
       1.488376698540e-03       5.463658550657e+03 
       1.578812731533e-03       5.763126477092e+03 
       1.672245416184e-03       6.068956480190e+03 
       1.768472110102e-03       6.380161639426e+03 
       1.867288604350e-03       6.695776999880e+03 
       1.968493899128e-03       7.014875416085e+03 
       2.071893882655e-03       7.336582245316e+03 
       2.177303965780e-03       7.660083755085e+03 
       2.284550794963e-03       7.984631561335e+03 
       2.393473200280e-03       8.309545761987e+03 
       2.503922541899e-03       8.634212825918e+03 
       2.615762607533e-03       8.958083112199e+03 
       2.728869192953e-03       9.280668996053e+03 
       2.843129473661e-03       9.601538491541e+03 
       2.958441252205e-03       9.920312827019e+03 
       3.074712144456e-03       1.023665906707e+04 
       3.191858750442e-03       1.055028792349e+04 
       3.309805841129e-03       1.086094805711e+04 
       3.428485581606e-03       1.116842295318e+04 
       3.547836802981e-03       1.147252463253e+04 
       3.667804329409e-03       1.177309479395e+04 
       3.788338362565e-03       1.206999665748e+04 
       3.909393923088e-03       1.236311706326e+04 
       4.030930346750e-03       1.265235908087e+04 
       4.152910832013e-03       1.293764486580e+04 
       4.275302035112e-03       1.321890949280e+04 
       4.398073708526e-03       1.349610312149e+04 
       4.521198378752e-03       1.376918358315e+04 
       4.644651059426e-03       1.403812395347e+04 
       4.768408996077e-03       1.430289793656e+04 
       4.892451439082e-03       1.456348706531e+04 
       5.016759441706e-03       1.481990471184e+04 
       5.141315680392e-03       1.507214265055e+04 
       5.266104294767e-03       1.532019693839e+04 
       5.391110745116e-03       1.556409130515e+04 
       5.516321685304e-03       1.580382359686e+04 
       5.641724849364e-03       1.603941698359e+04 
       5.767308950195e-03       1.627088598573e+04 
       5.893063588960e-03       1.649825567478e+04 
       6.018979173974e-03       1.672155167826e+04 
       6.145046848005e-03       1.694079836370e+04 
       6.271258423022e-03       1.715602568078e+04 
       6.397606321579e-03       1.736726682405e+04 
       6.524083524066e-03       1.757454644180e+04 
       6.650683521208e-03       1.777790228203e+04 
       6.777400271221e-03       1.797736641944e+04 
       6.904228161122e-03       1.817297034358e+04 
       7.031161971749e-03       1.836475594069e+04 
       7.158196846100e-03       1.855275615714e+04 
       7.285328260637e-03       1.873700357189e+04 
       7.412551999239e-03       1.891753527977e+04 
       7.539864129549e-03       1.909439226144e+04 
       7.667260981458e-03       1.926761018950e+04 
       7.794739127506e-03       1.943722106926e+04 
       7.922295365022e-03       1.960327170461e+04 
       8.049926699825e-03       1.976579585146e+04 
       8.177630331326e-03       1.992482556627e+04 
       8.305403638914e-03       2.008040133854e+04 
       8.433244169478e-03       2.023256661938e+04 
       8.561149625986e-03       2.038135623867e+04 
       8.689117856997e-03       2.052680072707e+04 
       8.817146847037e-03       2.066894725100e+04 
       8.945234707752e-03       2.080782099074e+04 
       9.073379669769e-03       2.094346976852e+04 
       9.201580075204e-03       2.107592426685e+04 
       9.329834370756e-03       2.120521907697e+04 
       9.458141101344e-03       2.133139141704e+04 
       9.586498904222e-03       2.145447734668e+04 
       9.714906503559e-03       2.157451272627e+04 
       9.843362705416e-03       2.169152193802e+04 
       9.971866393108e-03       2.180555453087e+04 
       1.010041652291e-02       2.191663463178e+04 
       1.022901212007e-02       2.202479785898e+04 
       1.035765227513e-02       2.213007748345e+04 
       1.048633614051e-02       2.223250714180e+04 
       1.061506292734e-02       2.233211800797e+04 
       1.074383190249e-02       2.242894240518e+04 
       1.087264238587e-02       2.252301559395e+04 
       1.100149374788e-02       2.261437089799e+04 
       1.113038540703e-02       2.270303496008e+04 
       1.125931682780e-02       2.278903225113e+04 
       1.138828751854e-02       2.287240590079e+04 
       1.151729702960e-02       2.295319133128e+04 
       1.164634495159e-02       2.303139933921e+04 
       1.177543091371e-02       2.310708250232e+04 
       1.190455458222e-02       2.318025494454e+04 
       1.203371565905e-02       2.325094947320e+04 
       1.216291388047e-02       2.331919825101e+04 
       1.229214901583e-02       2.338503720440e+04 
       1.242142086649e-02       2.344848867792e+04 
       1.255072926470e-02       2.350958303963e+04 
       1.268007407262e-02       2.356833819657e+04 
       1.280945518147e-02       2.362480748122e+04 
       1.293887251059e-02       2.367900389438e+04 
       1.306832600675e-02       2.373095482882e+04 
       1.319781564336e-02       2.378070106195e+04 
       1.332734141982e-02       2.382824989015e+04 
       1.345690336091e-02       2.387363795961e+04 
       1.358650151624e-02       2.391690027522e+04 
       1.371613595966e-02       2.395804087527e+04 
       1.384580678886e-02       2.399711626350e+04 
       1.397551412490e-02       2.403413265202e+04 
       1.410525811179e-02       2.406911912412e+04 
       1.423503891617e-02       2.410209578073e+04 
       1.436485672695e-02       2.413310319619e+04 
       1.449471175507e-02       2.416214435650e+04 
       1.462460423315e-02       2.418927779543e+04 
       1.475453441537e-02       2.421449501027e+04 
       1.488450257717e-02       2.423784189111e+04 
       1.501450901516e-02       2.425932460295e+04 
       1.514455404692e-02       2.427898697648e+04 
       1.527463801090e-02       2.429684231673e+04 
       1.540476126634e-02       2.431290742264e+04 
       1.553492419317e-02       2.432722262327e+04 
       1.566512719198e-02       2.433980437488e+04 
       1.579537068400e-02       2.435065491447e+04 
       1.592565511107e-02       2.435983149180e+04 
       1.605598093571e-02       2.436732040185e+04 
       1.618634864107e-02       2.437317898554e+04 
       1.631675873110e-02       2.437741015025e+04 
       1.644721173052e-02       2.438004065179e+04 
       1.657770818498e-02       2.438107819390e+04 
       1.670824866116e-02       2.438057462361e+04 
       1.683883374690e-02       2.437853855762e+04 
       1.696946405134e-02       2.437496817513e+04 
       1.710014020509e-02       2.436991534141e+04 
       1.723086286044e-02       2.436338125115e+04 
       1.736163269154e-02       2.435539987573e+04 
       1.749245039461e-02       2.434598717028e+04 
       1.762331668819e-02       2.433516599437e+04 
       1.775423231341e-02       2.432294676674e+04 
       1.788519803423e-02       2.430935843377e+04 
       1.801621463772e-02       2.429442030174e+04 
       1.814728293441e-02       2.427814175717e+04 
       1.827840375857e-02       2.426057305868e+04 
       1.840957796854e-02       2.424168439709e+04 
       1.854080644711e-02       2.422154307518e+04 
       1.867209010189e-02       2.420012837627e+04 
       1.880342986566e-02       2.417748997323e+04 
       1.893482669681e-02       2.415363837627e+04 
       1.906628157976e-02       2.412858314405e+04 
       1.919779552537e-02       2.410238343957e+04 
       1.932936957143e-02       2.407498353926e+04 
       1.946100478311e-02       2.404642066353e+04 
       1.959270225345e-02       2.401677388450e+04 
       1.972446310390e-02       2.398601081490e+04 
       1.985628848481e-02       2.395416335470e+04 
       1.998817957601e-02       2.392123515978e+04 
       2.012013758737e-02       2.388727389469e+04 
       2.025216375937e-02       2.385228186496e+04 
       2.038425936372e-02       2.381624391957e+04 
       2.051642570400e-02       2.377922272362e+04 
       2.064866411630e-02       2.374120762708e+04 
       2.078097596986e-02       2.370222534442e+04 
       2.091336266783e-02       2.366233763655e+04 
       2.104582564791e-02       2.362146373405e+04 
       2.117836638316e-02       2.357969821751e+04 
       2.131098638270e-02       2.353702685812e+04 
       2.144368719255e-02       2.349349137720e+04 
       2.157647039638e-02       2.344908814266e+04 
       2.170933761642e-02       2.340380360620e+04 
       2.184229051427e-02       2.335771347317e+04 
       2.197533079181e-02       2.331079646925e+04 
       2.210846019211e-02       2.326303912819e+04 
       2.224168050040e-02       2.321455307611e+04 
       2.237499354502e-02       2.316529873469e+04 
       2.250840119845e-02       2.311529400850e+04 
       2.264190537832e-02       2.306453456874e+04 
       2.277550804852e-02       2.301303588569e+04 
       2.290921122029e-02       2.296081894324e+04 
       2.304301695333e-02       2.290794230837e+04 
       2.317692735703e-02       2.285438204682e+04 
       2.331094459164e-02       2.280012687725e+04 
       2.344507086955e-02       2.274522884597e+04 
       2.357930845653e-02       2.268968882569e+04 
       2.371365967314e-02       2.263353482236e+04 
       2.384812689602e-02       2.257677974638e+04 
       2.398271255938e-02       2.251940537141e+04 
       2.411741915640e-02       2.246145224850e+04 
       2.425224924079e-02       2.240294978513e+04 
       2.438720542828e-02       2.234383413834e+04 
       2.452229039832e-02       2.228425901228e+04 
       2.465750689565e-02       2.222409258130e+04 
       2.479285773207e-02       2.216343808256e+04 
       2.492834578818e-02       2.210223131868e+04 
       2.506397401522e-02       2.204060636042e+04 
       2.519974543695e-02       2.197845809925e+04 
       2.533566315159e-02       2.191585013806e+04 
       2.547173033387e-02       2.185279397719e+04 
       2.560795023707e-02       2.178927611330e+04 
       2.574432619519e-02       2.172533940776e+04 
       2.588086162518e-02       2.166095801878e+04 
       2.601756002923e-02       2.159625180540e+04 
       2.615442499713e-02       2.153105222743e+04 
       2.629146020879e-02       2.146547648915e+04 
       2.642866943672e-02       2.139955853454e+04 
       2.656605654870e-02       2.133328323892e+04 
       2.670362551049e-02       2.126662729405e+04 
       2.684138038867e-02       2.119960896946e+04 
       2.697932535355e-02       2.113230385630e+04 
       2.711746468219e-02       2.106463894857e+04 
       2.725580276157e-02       2.099669577612e+04 
       2.739434409178e-02       2.092841125772e+04 
       2.753309328947e-02       2.085989217166e+04 
       2.767205509125e-02       2.079106028094e+04 
       2.781123435739e-02       2.072196333166e+04 
       2.795063607554e-02       2.065258126461e+04 
       2.809026536461e-02       2.058300568915e+04 
       2.823012747885e-02       2.051310726709e+04 
       2.837022781202e-02       2.044301150479e+04 
       2.851057190178e-02       2.037269044699e+04 
       2.865116543417e-02       2.030215759664e+04 
       2.879201424837e-02       2.023144163763e+04 
       2.893312434153e-02       2.016050686918e+04 
       2.907450187390e-02       2.008934579138e+04 
       2.921615317408e-02       2.001799055208e+04 
       2.935808474454e-02       1.994656432421e+04 
       2.950030326732e-02       1.987490316846e+04 
       2.964281560997e-02       1.980305352701e+04 
       2.978562883180e-02       1.973108999602e+04 
       2.992875019027e-02       1.965898787055e+04 
       3.007218714776e-02       1.958670425370e+04 
       3.021594737853e-02       1.951438024234e+04 
       3.036003877608e-02       1.944187869517e+04 
       3.050446946072e-02       1.936928382911e+04 
       3.064924778755e-02       1.929655684586e+04 
       3.079438235475e-02       1.922376006845e+04 
       3.093988201220e-02       1.915085598106e+04 
       3.108575587060e-02       1.907782065280e+04 
       3.123201331084e-02       1.900476192684e+04 
       3.137866399394e-02       1.893160152890e+04 
       3.152571787135e-02       1.885838453554e+04 
       3.167318519573e-02       1.878504312794e+04 
       3.182107653231e-02       1.871174752690e+04 
       3.196940277070e-02       1.863831559739e+04 
       3.211817513728e-02       1.856485828615e+04 
       3.226740520818e-02       1.849138460045e+04 
       3.241710492293e-02       1.841788530101e+04 
       3.256728659872e-02       1.834432753516e+04 
       3.271796294540e-02       1.827073927303e+04 
       3.286914708117e-02       1.819708567508e+04 
       3.302085254913e-02       1.812349972536e+04 
       3.317309333465e-02       1.804980479551e+04 
       3.332588388357e-02       1.797619259207e+04 
       3.347923912141e-02       1.790251390081e+04 
       3.363317447357e-02       1.782879778566e+04 
       3.378770588659e-02       1.775518818520e+04 
       3.394284985052e-02       1.768156209817e+04 
       3.409862342252e-02       1.760790390555e+04 
       3.425504425180e-02       1.753423542092e+04 
       3.441213060581e-02       1.746060627168e+04 
       3.456990139801e-02       1.738697314048e+04 
       3.472837621714e-02       1.731340665470e+04 
       3.488757535817e-02       1.723985803858e+04 
       3.504751985505e-02       1.716631544880e+04 
       3.520823151535e-02       1.709274762693e+04 
       3.536973295693e-02       1.701931744741e+04 
       3.553204764684e-02       1.694582894312e+04 
       3.569519994254e-02       1.687237743136e+04 
       3.585921513562e-02       1.679901372342e+04 
       3.602411949826e-02       1.672565584821e+04 
       3.618994033256e-02       1.665234048036e+04 
       3.635670602303e-02       1.657903500798e+04 
       3.652444609240e-02       1.650582696353e+04 
       3.669319126108e-02       1.643259592906e+04 
       3.686297351055e-02       1.635940779798e+04 
       3.703382615091e-02       1.628629959783e+04 
       3.720578389307e-02       1.621320803678e+04 
       3.737888292577e-02       1.614013495326e+04 
       3.755316099803e-02       1.606711846491e+04 
       3.772865750734e-02       1.599416390882e+04 
       3.790541359411e-02       1.592123109453e+04 
       3.808347224299e-02       1.584835636806e+04 
       3.826287839155e-02       1.577541804859e+04 
       3.844367904702e-02       1.570259247090e+04 
       3.862592341189e-02       1.562977932202e+04 
       3.880966301898e-02       1.555700048328e+04 
       3.899495187709e-02       1.548427766102e+04 
       3.918184662806e-02       1.541153225032e+04 
       3.937040671635e-02       1.533882729960e+04 
       3.956069457237e-02       1.526613730116e+04 
       3.975277581098e-02       1.519345254824e+04 
       3.994671944652e-02       1.512076837441e+04 
       4.014259812609e-02       1.504810765489e+04 
       4.034048838312e-02       1.497544215891e+04 
       4.054047091305e-02       1.490280310867e+04 
       4.074263087374e-02       1.483010280847e+04 
       4.094705821308e-02       1.475739575724e+04 
       4.115384802697e-02       1.468471216932e+04 
       4.136310095088e-02       1.461197363221e+04 
       4.157492358892e-02       1.453919654840e+04 
       4.178942898471e-02       1.446636524973e+04 
       4.200673713904e-02       1.439351541887e+04 
       4.222697557981e-02       1.432054091572e+04 
       4.245027999076e-02       1.424755552023e+04 
       4.267679490628e-02       1.417447971915e+04 
       4.290667448056e-02       1.410128660335e+04 
       4.314008334098e-02       1.402802728583e+04 
       4.337719753656e-02       1.395468076664e+04 
       4.361820559446e-02       1.388113859044e+04 
       4.386330969936e-02       1.380749257417e+04 
       4.411272701295e-02       1.373366375979e+04 
       4.436669115362e-02       1.365969963350e+04 
       4.462545385987e-02       1.358552952997e+04 
       4.488928686495e-02       1.351117795823e+04 
       4.515848401508e-02       1.343655051034e+04 
       4.543336366941e-02       1.336171007250e+04 
       4.571427142697e-02       1.328656540191e+04 
       4.600158323424e-02       1.321111723293e+04 
       4.629570893738e-02       1.313540597865e+04 
       4.659709635565e-02       1.305931141349e+04 
       4.690623596818e-02       1.298283370190e+04 
       4.722366632486e-02       1.290591931389e+04 
       4.754998031602e-02       1.282860986077e+04 
       4.788583246426e-02       1.275071609778e+04 
       4.823194743802e-02       1.267231748389e+04 
       4.858913003206e-02       1.259330078213e+04 
       4.895827691635e-02       1.251368525238e+04 
       4.934039052690e-02       1.243329319252e+04 
       4.973659556256e-02       1.235215207517e+04 
       5.014815866658e-02       1.227011417217e+04 
       5.057651201847e-02       1.218709049423e+04 
       5.102328174780e-02       1.210305373837e+04 
       5.149032231931e-02       1.201782373902e+04 
       5.197975834148e-02       1.193120139126e+04 
       5.249403563324e-02       1.184316300348e+04 
       5.303598386421e-02       1.175340833007e+04 
       5.360889367580e-02       1.166174667323e+04 
       5.421661189762e-02       1.156791192843e+04 
       5.486365927195e-02       1.147151129859e+04 
       5.555537589743e-02       1.137219942705e+04 
       5.629810017546e-02       1.126939051620e+04 
       5.709938688124e-02       1.116239623589e+04 
       5.796826803727e-02       1.105044656556e+04 
       5.891555447941e-02       1.093236053783e+04 
       5.995416254475e-02       1.080661367627e+04 
       6.109942257045e-02       1.067123809443e+04 
       6.236927384520e-02       1.052361005729e+04 
       6.378416297505e-02       1.036017685410e+04 
       6.536633806560e-02       1.017626629252e+04 
       6.713811106309e-02       9.966049653699e+03 
       6.911868813501e-02       9.722700840391e+03 
       7.131961804625e-02       9.439188518717e+03 
       7.373998924807e-02       9.110080129347e+03 
       7.636375409540e-02       8.733822233743e+03 
       7.916148847583e-02       8.314867638446e+03 
       8.209649482124e-02       7.864236863839e+03 
       8.513222505943e-02       7.398048407084e+03 
       8.823761364771e-02       6.934613456467e+03 
       9.138909092609e-02       6.491470032783e+03 
       9.457013428566e-02       6.082982673159e+03 
       9.776975946816e-02       5.719089369318e+03 
       1.009809112735e-01       5.404886082794e+03 
       1.041991559203e-01       5.140933108962e+03 
       1.074217446051e-01       4.924198759045e+03 
       1.106469872850e-01       4.748341460434e+03 
       1.138738500777e-01       4.605235161576e+03 
       1.171017023624e-01       4.485582809032e+03 
       1.203301601051e-01       4.379794629668e+03 
       1.235589895985e-01       4.278857958218e+03 
       1.267880486173e-01       4.175126995234e+03 
       1.300172505535e-01       4.062900588467e+03 
       1.332465425965e-01       3.938866601656e+03 
       1.364758924728e-01       3.802169403035e+03 
       1.397052803911e-01       3.654224912481e+03 
       1.429346941519e-01       3.498251392898e+03 
       1.461641261778e-01       3.338633266896e+03 
       1.493935717096e-01       3.180246923339e+03 
       1.526230277113e-01       3.027819128615e+03 
       1.558524922040e-01       2.885405194165e+03 
       1.590819638607e-01       2.756065932927e+03 
       1.623114417597e-01       2.641635706388e+03 
       1.655409252339e-01       2.542727062864e+03 
       1.687704137789e-01       2.458801642051e+03 
       1.719999069959e-01       2.388351505686e+03 
       1.752294045570e-01       2.329123087376e+03 
       1.784589061834e-01       2.278391235636e+03 
       1.816884116315e-01       2.233223420125e+03 
       1.849179206843e-01       2.191073287577e+03 
       1.881474331454e-01       2.149319217722e+03 
       1.913769488351e-01       2.105485103714e+03 
       1.946064675881e-01       2.058083693086e+03 
       1.978359892510e-01       2.006390727308e+03 
       2.010655136812e-01       1.950452953728e+03 
       2.042950407457e-01       1.891010215253e+03 
       2.075245703202e-01       1.829283382280e+03 
       2.107541022880e-01       1.766773181635e+03 
       2.139836365398e-01       1.705034963390e+03 
       2.172131729729e-01       1.645497064587e+03 
       2.204427114907e-01       1.589323109180e+03 
       2.236722520021e-01       1.537393498324e+03 
       2.269017944215e-01       1.490234727185e+03 
       2.301313386679e-01       1.448033217180e+03 
       2.333608846649e-01       1.410673658006e+03 
       2.365904323404e-01       1.377737261277e+03 
       2.398199816261e-01       1.348562667536e+03 
       2.430495324574e-01       1.322315006753e+03 
       2.462790847730e-01       1.298066182034e+03 
       2.495086385151e-01       1.274900992769e+03 
       2.527381936285e-01       1.251998778851e+03 
       2.559677500610e-01       1.228702739435e+03 
       2.591973077630e-01       1.204562073506e+03 
       2.624268666873e-01       1.179336562202e+03 
       2.656564267891e-01       1.152990907609e+03 
       2.688859880258e-01       1.125675417566e+03 
       2.721155503566e-01       1.097686303971e+03 
       2.753451137429e-01       1.069429495244e+03 
       2.785746781477e-01       1.041374877504e+03 
       2.818042435358e-01       1.014002609035e+03 
       2.850338098737e-01       9.877421508930e+02 
       2.882633771291e-01       9.629403269743e+02 
       2.914929452714e-01       9.398123869691e+02 
       2.947225142714e-01       9.184451578798e+02 
       2.979520841010e-01       8.987934232201e+02 
       3.011816547333e-01       8.807308559133e+02 
       3.044112261426e-01       8.640329654952e+02 
       3.076407983045e-01       8.484485186578e+02 
       3.108703711952e-01       8.337032385719e+02 
       3.140999447922e-01       8.195191411695e+02 
       3.173295190739e-01       8.056356904995e+02 
       3.205590940194e-01       7.918323318187e+02 
       3.237886696087e-01       7.779337259028e+02 
       3.270182458228e-01       7.638367179618e+02 
       3.302478226431e-01       7.495065172356e+02 
       3.334774000520e-01       7.349772181530e+02 
       3.367069780324e-01       7.203368244711e+02 
       3.399365565681e-01       7.057082909970e+02 
       3.431661356432e-01       6.912279277342e+02 
       3.463957152426e-01       6.770275489687e+02 
       3.496252953517e-01       6.632276637584e+02 
       3.528548759564e-01       6.499319780497e+02 
       3.560844570432e-01       6.372145074564e+02 
       3.593140385990e-01       6.251225847383e+02 
       3.625436206113e-01       6.136706617649e+02 
       3.657732030678e-01       6.028361022058e+02 
       3.690027859570e-01       5.925650951144e+02 
       3.722323692674e-01       5.827791599139e+02 
       3.754619529881e-01       5.733804125214e+02 
       3.786915371087e-01       5.642733148700e+02 
       3.819211216189e-01       5.553712422216e+02 
       3.851507065089e-01       5.466048932149e+02 
       3.883802917692e-01       5.379212200829e+02 
       3.916098773905e-01       5.292885082196e+02 
       3.948394633640e-01       5.206888946916e+02 
       3.980690496811e-01       5.121176838903e+02 
       4.012986363334e-01       5.035890745714e+02 
       4.045282233129e-01       4.951237252508e+02 
       4.077578106118e-01       4.867556710754e+02 
       4.109873982224e-01       4.785248729933e+02 
       4.142169861376e-01       4.704711963215e+02 
       4.174465743502e-01       4.626277296677e+02 
       4.206761628533e-01       4.550152270966e+02 
       4.239057516403e-01       4.476481718969e+02 
       4.271353407046e-01       4.405268277944e+02 
       4.303649300401e-01       4.336461268128e+02 
       4.335945196406e-01       4.269928878304e+02 
       4.368241095003e-01       4.205572452145e+02 
       4.400536996134e-01       4.143219258046e+02 
       4.432832899744e-01       4.082616981640e+02 
       4.465128805778e-01       4.023563971971e+02 
       4.497424714184e-01       3.965776039126e+02 
       4.529720624912e-01       3.908982552627e+02 
       4.562016537912e-01       3.852990981502e+02 
       4.594312453135e-01       3.797681732444e+02 
       4.626608370535e-01       3.742973054596e+02 
       4.658904290067e-01       3.688881569168e+02 
       4.691200211686e-01       3.635426551544e+02 
       4.723496135350e-01       3.582677809484e+02 
       4.755792061016e-01       3.530680161246e+02 
       4.788087988645e-01       3.479514174291e+02 
       4.820383918195e-01       3.429273513297e+02 
       4.852679849630e-01       3.380069543635e+02 
       4.884975782911e-01       3.331972532477e+02 
       4.917271718002e-01       3.285092408533e+02 
       4.949567654868e-01       3.239448841495e+02 
       4.981863593473e-01       3.195036424156e+02 
       5.014159533784e-01       3.151771083297e+02 
       5.046455475769e-01       3.109575307906e+02 
       5.078751419394e-01       3.068334695867e+02 
       5.111047364630e-01       3.027957499922e+02 
       5.143343311445e-01       2.988365135033e+02 
       5.175639259810e-01       2.949481707221e+02 
       5.207935209695e-01       2.911254612941e+02 
       5.240231161074e-01       2.873593206926e+02 
       5.272527113918e-01       2.836472663766e+02 
       5.304823068200e-01       2.799834010488e+02 
       5.337119023894e-01       2.763678920185e+02 
       5.369414980975e-01       2.728018490863e+02 
       5.401710939418e-01       2.692894183136e+02 
       5.434006899198e-01       2.658343653374e+02 
       5.466302860292e-01       2.624410104807e+02 
       5.498598822676e-01       2.591103767246e+02 
       5.530894786327e-01       2.558423240295e+02 
       5.563190751224e-01       2.526367306557e+02 
       5.595486717345e-01       2.494913872349e+02 
       5.627782684669e-01       2.464073574286e+02 
       5.660078653175e-01       2.433833537750e+02 
       5.692374622843e-01       2.404189846979e+02 
       5.724670593653e-01       2.375136594723e+02 
       5.756966565586e-01       2.346623455724e+02 
       5.789262538624e-01       2.318618800460e+02 
       5.821558512746e-01       2.291078935656e+02 
       5.853854487937e-01       2.263975102651e+02 
       5.886150464178e-01       2.237288505377e+02 
       5.918446441451e-01       2.211008563890e+02 
       5.950742419740e-01       2.185134159323e+02 
       5.983038399029e-01       2.159655401951e+02 
       6.015334379301e-01       2.134559944748e+02 
       6.047630360541e-01       2.109833667432e+02 
       6.079926342732e-01       2.085466608454e+02 
       6.112222325861e-01       2.061450319842e+02 
       6.144518309912e-01       2.037796871963e+02 
       6.176814294870e-01       2.014508443900e+02 
       6.209110280722e-01       1.991621738222e+02 
       6.241406267453e-01       1.969122667409e+02 
       6.273702255050e-01       1.947008397846e+02 
       6.305998243500e-01       1.925269508811e+02 
       6.338294232789e-01       1.903891560292e+02 
       6.370590222905e-01       1.882843116436e+02 
       6.402886213835e-01       1.862133253443e+02 
       6.435182205566e-01       1.841751208949e+02 
       6.467478198088e-01       1.821698072872e+02 
       6.499774191388e-01       1.801964839282e+02 
       6.532070185454e-01       1.782533651439e+02 
       6.564366180275e-01       1.763389701889e+02 
       6.596662175840e-01       1.744509225777e+02 
       6.628958172138e-01       1.725890788616e+02 
       6.661254169159e-01       1.707528070632e+02 
       6.693550166891e-01       1.689426937408e+02 
       6.725846165325e-01       1.671592961624e+02 
       6.758142164451e-01       1.654025276681e+02 
       6.790438164259e-01       1.636715720979e+02 
       6.822734164738e-01       1.619653453803e+02 
       6.855030165880e-01       1.602831717657e+02 
       6.887326167675e-01       1.586245542734e+02 
       6.919622170113e-01       1.569897438551e+02 
       6.951918173187e-01       1.553792570474e+02 
       6.984214176887e-01       1.537929445630e+02 
       7.016510181204e-01       1.522307917919e+02 
       7.048806186130e-01       1.506918683997e+02 
       7.081102191657e-01       1.491750370873e+02 
       7.113398197776e-01       1.476792357406e+02 
       7.145694204480e-01       1.462037271035e+02 
       7.177990211760e-01       1.447482765055e+02 
       7.210286219608e-01       1.433132823410e+02 
       7.242582228018e-01       1.418987438860e+02 
       7.274878236981e-01       1.405039361607e+02 
       7.307174246491e-01       1.391283021724e+02 
       7.339470256539e-01       1.377708710008e+02 
       7.371766267119e-01       1.364310906524e+02 
       7.404062278224e-01       1.351083079622e+02 
       7.436358289848e-01       1.338028138569e+02 
       7.468654301982e-01       1.325150285819e+02 
       7.500950314621e-01       1.312450702472e+02 
       7.533246327759e-01       1.299928784569e+02 
       7.565542341388e-01       1.287576889222e+02 
       8.263007792820e-01       1.056418145520e+02 
       9.270043371803e-01       8.138745160110e+01 
       1.086815838287e+00       5.646587668583e+01 
       1.340075485027e+00       3.460904589585e+01 
       1.684674531650e+00       2.008226942213e+01 
       2.120837535227e+00       1.150970778071e+01 
       2.669976123584e+00       6.542353191339e+00 
       3.361300790796e+00       3.691308968096e+00 
       4.231626982217e+00       2.068702105474e+00 
       5.327302741146e+00       1.152228409385e+00 
       6.706676797150e+00       6.381824958383e-01 
       8.443205848622e+00       3.516519089434e-01 
