# Matter power spectrum P(k) at redshift z=0
# for k=1.04974e-05 to 8.44321 h/Mpc,
# number of wavenumbers equal to 611
#    1:k (h/Mpc)              2:P (Mpc/h)^3        
       1.049743788834e-05       4.730151556908e+01 
       2.344149061265e-05       1.027844280963e+02 
       3.643149981730e-05       1.573657142585e+02 
       4.950276028451e-05       2.116072792029e+02 
       6.269115616887e-05       2.658337070010e+02 
       7.603348409663e-05       3.202912187537e+02 
       8.956778669209e-05       3.751923523752e+02 
       1.033337010070e-04       4.307343012618e+02 
       1.173728263632e-04       4.871084267475e+02 
       1.317291161523e-04       5.445059701927e+02 
       1.464492981412e-04       6.031222102065e+02 
       1.615833277646e-04       6.630868399995e+02 
       1.771848786948e-04       7.247434552577e+02 
       1.933118745825e-04       7.882568680890e+02 
       2.100270651551e-04       8.538668334980e+02 
       2.273986487162e-04       9.218305547771e+02 
       2.455009413065e-04       9.924250291770e+02 
       2.644150901568e-04       1.065949782890e+03 
       2.842298252762e-04       1.142728982256e+03 
       3.050422377370e-04       1.223114383313e+03 
       3.269585660364e-04       1.307487290149e+03 
       3.500949624078e-04       1.396260637458e+03 
       3.745781987433e-04       1.489881123677e+03 
       4.005462566086e-04       1.588829714234e+03 
       4.281487277653e-04       1.693622262981e+03 
       4.575469312724e-04       1.804807972004e+03 
       4.889136321705e-04       1.922966772489e+03 
       5.224322277816e-04       2.048704147520e+03 
       5.582952553105e-04       2.182643397914e+03 
       5.967020750666e-04       2.325414752993e+03 
       6.378556051298e-04       2.477640745873e+03 
       6.819580339237e-04       2.639918315315e+03 
       7.292055232308e-04       2.812797361141e+03 
       7.797820365538e-04       2.996756209424e+03 
       8.338525778120e-04       3.192177008884e+03 
       8.915562822269e-04       3.399320042991e+03 
       9.529999320418e-04       3.618302026658e+03 
       1.018252535567e-03       3.849078820600e+03 
       1.087341575589e-03       4.091436390478e+03 
       1.160251388524e-03       4.344990196896e+03 
       1.236923894747e-03       4.609193541678e+03 
       1.317261608829e-03       4.883356835660e+03 
       1.401132579080e-03       5.166644045212e+03 
       1.488376698540e-03       5.458168594681e+03 
       1.578812731533e-03       5.756985084384e+03 
       1.672245416184e-03       6.062107948830e+03 
       1.768472110102e-03       6.372549296985e+03 
       1.867288604350e-03       6.687343544099e+03 
       1.968493899128e-03       7.005563230481e+03 
       2.071893882655e-03       7.326333680684e+03 
       2.177303965780e-03       7.648841377059e+03 
       2.284550794963e-03       7.972338364488e+03 
       2.393473200280e-03       8.296145349310e+03 
       2.503922541899e-03       8.619649560558e+03 
       2.615762607533e-03       8.942302242759e+03 
       2.728869192953e-03       9.263616755396e+03 
       2.843129473661e-03       9.583162178981e+03 
       2.958441252205e-03       9.900560869067e+03 
       3.074712144456e-03       1.021548106876e+04 
       3.191858750442e-03       1.052763470267e+04 
       3.309805841129e-03       1.083677167117e+04 
       3.428485581606e-03       1.114267671510e+04 
       3.547836802981e-03       1.144516312601e+04 
       3.667804329409e-03       1.174407387187e+04 
       3.788338362565e-03       1.203927344797e+04 
       3.909393923088e-03       1.233064995971e+04 
       4.030930346750e-03       1.261810774153e+04 
       4.152910832013e-03       1.290157019743e+04 
       4.275302035112e-03       1.318097364364e+04 
       4.398073708526e-03       1.345626946148e+04 
       4.521198378752e-03       1.372741670043e+04 
       4.644651059426e-03       1.399438962259e+04 
       4.768408996077e-03       1.425716312824e+04 
       4.892451439082e-03       1.451571993099e+04 
       5.016759441706e-03       1.477007448096e+04 
       5.141315680392e-03       1.502021970462e+04 
       5.266104294767e-03       1.526615279946e+04 
       5.391110745116e-03       1.550789853468e+04 
       5.516321685304e-03       1.574545588761e+04 
       5.641724849364e-03       1.597884906193e+04 
       5.767308950195e-03       1.620809363889e+04 
       5.893063588960e-03       1.643321570320e+04 
       6.018979173974e-03       1.665424188494e+04 
       6.145046848005e-03       1.687119755106e+04 
       6.271258423022e-03       1.708411361812e+04 
       6.397606321579e-03       1.729302422292e+04 
       6.524083524066e-03       1.749795498332e+04 
       6.650683521208e-03       1.769894454787e+04 
       6.777400271221e-03       1.789602590543e+04 
       6.904228161122e-03       1.808923145131e+04 
       7.031161971749e-03       1.827860391571e+04 
       7.158196846100e-03       1.846417711874e+04 
       7.285328260637e-03       1.864598450338e+04 
       7.412551999239e-03       1.882406399367e+04 
       7.539864129549e-03       1.899845736606e+04 
       7.667260981458e-03       1.916920110268e+04 
       7.794739127506e-03       1.933632802564e+04 
       7.922295365022e-03       1.949988566264e+04 
       8.049926699825e-03       1.965990854988e+04 
       8.177630331326e-03       1.981642952171e+04 
       8.305403638914e-03       1.996948978535e+04 
       8.433244169478e-03       2.011913347782e+04 
       8.561149625986e-03       2.026539615069e+04 
       8.689117856997e-03       2.040830906984e+04 
       8.817146847037e-03       2.054792002390e+04 
       8.945234707752e-03       2.068425493529e+04 
       9.073379669769e-03       2.081736221637e+04 
       9.201580075204e-03       2.094727323234e+04 
       9.329834370756e-03       2.107402322073e+04 
       9.458141101344e-03       2.119765001621e+04 
       9.586498904222e-03       2.131819028924e+04 
       9.714906503559e-03       2.143568049935e+04 
       9.843362705416e-03       2.155014569366e+04 
       9.971866393108e-03       2.166163590241e+04 
       1.010041652291e-02       2.177017589479e+04 
       1.022901212007e-02       2.187580184066e+04 
       1.035765227513e-02       2.197854756662e+04 
       1.048633614051e-02       2.207844725022e+04 
       1.061506292734e-02       2.217553261230e+04 
       1.074383190249e-02       2.226983650309e+04 
       1.087264238587e-02       2.236139467611e+04 
       1.100149374788e-02       2.245024095016e+04 
       1.113038540703e-02       2.253640250269e+04 
       1.125931682780e-02       2.261990434662e+04 
       1.138828751854e-02       2.270078999673e+04 
       1.151729702960e-02       2.277909530654e+04 
       1.164634495159e-02       2.285483169063e+04 
       1.177543091371e-02       2.292805199829e+04 
       1.190455458222e-02       2.299877092448e+04 
       1.203371565905e-02       2.306702168588e+04 
       1.216291388047e-02       2.313283684797e+04 
       1.229214901583e-02       2.319625269607e+04 
       1.242142086649e-02       2.325729203787e+04 
       1.255072926470e-02       2.331598562629e+04 
       1.268007407262e-02       2.337235185204e+04 
       1.280945518147e-02       2.342644420888e+04 
       1.293887251059e-02       2.347827620263e+04 
       1.306832600675e-02       2.352787559531e+04 
       1.319781564336e-02       2.357528340062e+04 
       1.332734141982e-02       2.362050744677e+04 
       1.345690336091e-02       2.366358463422e+04 
       1.358650151624e-02       2.370455022415e+04 
       1.371613595966e-02       2.374340879386e+04 
       1.384580678886e-02       2.378021687907e+04 
       1.397551412490e-02       2.381498119224e+04 
       1.410525811179e-02       2.384773109009e+04 
       1.423503891617e-02       2.387848702526e+04 
       1.436485672695e-02       2.390728971177e+04 
       1.449471175507e-02       2.393414263934e+04 
       1.462460423315e-02       2.395910427929e+04 
       1.475453441537e-02       2.398216673281e+04 
       1.488450257717e-02       2.400337593387e+04 
       1.501450901516e-02       2.402273848919e+04 
       1.514455404692e-02       2.404029827220e+04 
       1.527463801090e-02       2.405606893875e+04 
       1.540476126634e-02       2.407006759611e+04 
       1.553492419317e-02       2.408233462136e+04 
       1.566512719198e-02       2.409288676385e+04 
       1.579537068400e-02       2.410172670353e+04 
       1.592565511107e-02       2.410891152336e+04 
       1.605598093571e-02       2.411442812209e+04 
       1.618634864107e-02       2.411833365023e+04 
       1.631675873110e-02       2.412063142077e+04 
       1.644721173052e-02       2.412134832141e+04 
       1.657770818498e-02       2.412049239713e+04 
       1.670824866116e-02       2.411811532112e+04 
       1.683883374690e-02       2.411422602265e+04 
       1.696946405134e-02       2.410882311308e+04 
       1.710014020509e-02       2.410195825294e+04 
       1.723086286044e-02       2.409363301928e+04 
       1.736163269154e-02       2.408388137015e+04 
       1.749245039461e-02       2.407271945355e+04 
       1.762331668819e-02       2.406017023149e+04 
       1.775423231341e-02       2.404624436984e+04 
       1.788519803423e-02       2.403097082822e+04 
       1.801621463772e-02       2.401436903593e+04 
       1.814728293441e-02       2.399644862008e+04 
       1.827840375857e-02       2.397725955824e+04 
       1.840957796854e-02       2.395677276372e+04 
       1.854080644711e-02       2.393505502407e+04 
       1.867209010189e-02       2.391208622205e+04 
       1.880342986566e-02       2.388791571985e+04 
       1.893482669681e-02       2.386255421270e+04 
       1.906628157976e-02       2.383601145280e+04 
       1.919779552537e-02       2.380834613327e+04 
       1.932936957143e-02       2.377950357719e+04 
       1.946100478311e-02       2.374952081866e+04 
       1.959270225345e-02       2.371847616217e+04 
       1.972446310390e-02       2.368633794613e+04 
       1.985628848481e-02       2.365313792393e+04 
       1.998817957601e-02       2.361887998381e+04 
       2.012013758737e-02       2.358361140841e+04 
       2.025216375937e-02       2.354733473949e+04 
       2.038425936372e-02       2.351003530726e+04 
       2.051642570400e-02       2.347177515903e+04 
       2.064866411630e-02       2.343254405105e+04 
       2.078097596986e-02       2.339236857078e+04 
       2.091336266783e-02       2.335130983565e+04 
       2.104582564791e-02       2.330928848344e+04 
       2.117836638316e-02       2.326639796446e+04 
       2.131098638270e-02       2.322262448753e+04 
       2.144368719255e-02       2.317800938764e+04 
       2.157647039638e-02       2.313254930701e+04 
       2.170933761642e-02       2.308623112125e+04 
       2.184229051427e-02       2.303912961835e+04 
       2.197533079181e-02       2.299122405030e+04 
       2.210846019211e-02       2.294250136529e+04 
       2.224168050040e-02       2.289307168885e+04 
       2.237499354502e-02       2.284289623571e+04 
       2.250840119845e-02       2.279199282499e+04 
       2.264190537832e-02       2.274035738289e+04 
       2.277550804852e-02       2.268800532506e+04 
       2.290921122029e-02       2.263495748795e+04 
       2.304301695333e-02       2.258127168656e+04 
       2.317692735703e-02       2.252692453089e+04 
       2.331094459164e-02       2.247190508895e+04 
       2.344507086955e-02       2.241626473769e+04 
       2.357930845653e-02       2.236000449244e+04 
       2.371365967314e-02       2.230315205832e+04 
       2.384812689602e-02       2.224572028240e+04 
       2.398271255938e-02       2.218769138401e+04 
       2.411741915640e-02       2.212910539093e+04 
       2.425224924079e-02       2.206999135859e+04 
       2.438720542828e-02       2.201028664492e+04 
       2.452229039832e-02       2.195014251019e+04 
       2.465750689565e-02       2.188942946864e+04 
       2.479285773207e-02       2.182824913959e+04 
       2.492834578818e-02       2.176653853813e+04 
       2.506397401522e-02       2.170442955717e+04 
       2.519974543695e-02       2.164181900090e+04 
       2.533566315159e-02       2.157876948789e+04 
       2.547173033387e-02       2.151529242215e+04 
       2.560795023707e-02       2.145137463902e+04 
       2.574432619519e-02       2.138705834781e+04 
       2.588086162518e-02       2.132231825862e+04 
       2.601756002923e-02       2.125727219233e+04 
       2.615442499713e-02       2.119175469800e+04 
       2.629146020879e-02       2.112588098089e+04 
       2.642866943672e-02       2.105968445149e+04 
       2.656605654870e-02       2.099315033218e+04 
       2.670362551049e-02       2.092625581669e+04 
       2.684138038867e-02       2.085901892074e+04 
       2.697932535355e-02       2.079151391654e+04 
       2.711746468219e-02       2.072366920909e+04 
       2.725580276157e-02       2.065556488407e+04 
       2.739434409178e-02       2.058713909589e+04 
       2.753309328947e-02       2.051849668357e+04 
       2.767205509125e-02       2.044956093173e+04 
       2.781123435739e-02       2.038037874194e+04 
       2.795063607554e-02       2.031093048788e+04 
       2.809026536461e-02       2.024130607665e+04 
       2.823012747885e-02       2.017137869332e+04 
       2.837022781202e-02       2.010127147911e+04 
       2.851057190178e-02       2.003095705386e+04 
       2.865116543417e-02       1.996044869530e+04 
       2.879201424837e-02       1.988977455905e+04 
       2.893312434153e-02       1.981889967574e+04 
       2.907450187390e-02       1.974781673086e+04 
       2.921615317408e-02       1.967655727102e+04 
       2.935808474454e-02       1.960524203581e+04 
       2.950030326732e-02       1.953371037582e+04 
       2.964281560997e-02       1.946200783704e+04 
       2.978562883180e-02       1.939020753172e+04 
       2.992875019027e-02       1.931828526594e+04 
       3.007218714776e-02       1.924619903491e+04 
       3.021594737853e-02       1.917408706281e+04 
       3.036003877608e-02       1.910181502640e+04 
       3.050446946072e-02       1.902946542206e+04 
       3.064924778755e-02       1.895700026152e+04 
       3.079438235475e-02       1.888448057716e+04 
       3.093988201220e-02       1.881186963692e+04 
       3.108575587060e-02       1.873914402080e+04 
       3.123201331084e-02       1.866640929925e+04 
       3.137866399394e-02       1.859358884677e+04 
       3.152571787135e-02       1.852072678079e+04 
       3.167318519573e-02       1.844775673058e+04 
       3.182107653231e-02       1.837484525724e+04 
       3.196940277070e-02       1.830181413366e+04 
       3.211817513728e-02       1.822877190776e+04 
       3.226740520818e-02       1.815572737335e+04 
       3.241710492293e-02       1.808267147462e+04 
       3.256728659872e-02       1.800957206614e+04 
       3.271796294540e-02       1.793645649186e+04 
       3.286914708117e-02       1.786329067128e+04 
       3.302085254913e-02       1.779020461546e+04 
       3.317309333465e-02       1.771702561167e+04 
       3.332588388357e-02       1.764394105897e+04 
       3.347923912141e-02       1.757080506853e+04 
       3.363317447357e-02       1.749764604001e+04 
       3.378770588659e-02       1.742460461803e+04 
       3.394284985052e-02       1.735156056277e+04 
       3.409862342252e-02       1.727849859553e+04 
       3.425504425180e-02       1.720544001220e+04 
       3.441213060581e-02       1.713243326931e+04 
       3.456990139801e-02       1.705943602317e+04 
       3.472837621714e-02       1.698651722797e+04 
       3.488757535817e-02       1.691362921025e+04 
       3.504751985505e-02       1.684076037754e+04 
       3.520823151535e-02       1.676788018664e+04 
       3.536973295693e-02       1.669514762449e+04 
       3.553204764684e-02       1.662237133846e+04 
       3.569519994254e-02       1.654964435549e+04 
       3.585921513562e-02       1.647701622994e+04 
       3.602411949826e-02       1.640440692331e+04 
       3.618994033256e-02       1.633185219572e+04 
       3.635670602303e-02       1.625932019502e+04 
       3.652444609240e-02       1.618689628572e+04 
       3.669319126108e-02       1.611446295800e+04 
       3.686297351055e-02       1.604208446384e+04 
       3.703382615091e-02       1.596979687783e+04 
       3.720578389307e-02       1.589753843713e+04 
       3.737888292577e-02       1.582531090745e+04 
       3.755316099803e-02       1.575315142245e+04 
       3.772865750734e-02       1.568106514560e+04 
       3.790541359411e-02       1.560901286314e+04 
       3.808347224299e-02       1.553702996930e+04 
       3.826287839155e-02       1.546499785032e+04 
       3.844367904702e-02       1.539308832042e+04 
       3.862592341189e-02       1.532120359247e+04 
       3.880966301898e-02       1.524936495800e+04 
       3.899495187709e-02       1.517759352875e+04 
       3.918184662806e-02       1.510581271147e+04 
       3.937040671635e-02       1.503408389188e+04 
       3.956069457237e-02       1.496238220074e+04 
       3.975277581098e-02       1.489069816420e+04 
       3.994671944652e-02       1.481902721976e+04 
       4.014259812609e-02       1.474739161543e+04 
       4.034048838312e-02       1.467576385058e+04 
       4.054047091305e-02       1.460417429340e+04 
       4.074263087374e-02       1.453253758995e+04 
       4.094705821308e-02       1.446090676799e+04 
       4.115384802697e-02       1.438931120696e+04 
       4.136310095088e-02       1.431767461681e+04 
       4.157492358892e-02       1.424601295646e+04 
       4.178942898471e-02       1.417431099256e+04 
       4.200673713904e-02       1.410260342815e+04 
       4.222697557981e-02       1.403078707646e+04 
       4.245027999076e-02       1.395897257422e+04 
       4.267679490628e-02       1.388708264099e+04 
       4.290667448056e-02       1.381509115839e+04 
       4.314008334098e-02       1.374304783416e+04 
       4.337719753656e-02       1.367093229416e+04 
       4.361820559446e-02       1.359863922719e+04 
       4.386330969936e-02       1.352625789624e+04 
       4.411272701295e-02       1.345371168016e+04 
       4.436669115362e-02       1.338104677902e+04 
       4.462545385987e-02       1.330819466943e+04 
       4.488928686495e-02       1.323517925880e+04 
       4.515848401508e-02       1.316190903725e+04 
       4.543336366941e-02       1.308844519553e+04 
       4.571427142697e-02       1.301469935914e+04 
       4.600158323424e-02       1.294067244782e+04 
       4.629570893738e-02       1.286640388330e+04 
       4.659709635565e-02       1.279177730060e+04 
       4.690623596818e-02       1.271679316488e+04 
       4.722366632486e-02       1.264139991642e+04 
       4.754998031602e-02       1.256563828225e+04 
       4.788583246426e-02       1.248932527920e+04 
       4.823194743802e-02       1.241253845639e+04 
       4.858913003206e-02       1.233516869300e+04 
       4.895827691635e-02       1.225723535209e+04 
       4.934039052690e-02       1.217856713539e+04 
       4.973659556256e-02       1.209919163170e+04 
       5.014815866658e-02       1.201896694714e+04 
       5.057651201847e-02       1.193780831300e+04 
       5.102328174780e-02       1.185569092198e+04 
       5.149032231931e-02       1.177244236711e+04 
       5.197975834148e-02       1.168787239680e+04 
       5.249403563324e-02       1.160196095413e+04 
       5.303598386421e-02       1.151442117964e+04 
       5.360889367580e-02       1.142507303796e+04 
       5.421661189762e-02       1.133366469252e+04 
       5.486365927195e-02       1.123982333703e+04 
       5.555537589743e-02       1.114322389698e+04 
       5.629810017546e-02       1.104331155781e+04 
       5.709938688124e-02       1.093943590132e+04 
       5.796826803727e-02       1.083087213460e+04 
       5.891555447941e-02       1.071650495477e+04 
       5.995416254475e-02       1.059489598937e+04 
       6.109942257045e-02       1.046419041034e+04 
       6.236927384520e-02       1.032191592359e+04 
       6.378416297505e-02       1.016472415653e+04 
       6.536633806560e-02       9.988211886990e+03 
       6.713811106309e-02       9.786888456799e+03 
       6.911868813501e-02       9.554327246457e+03 
       7.131961804625e-02       9.283917561816e+03 
       7.373998924807e-02       8.970578894696e+03 
       7.636375409540e-02       8.612926251424e+03 
       7.916148847583e-02       8.215292379502e+03 
       8.209649482124e-02       7.788258522534e+03 
       8.513222505943e-02       7.347244741059e+03 
       8.823761364771e-02       6.909723517849e+03 
       9.138909092609e-02       6.492374053192e+03 
       9.457013428566e-02       6.108784968457e+03 
       9.776975946816e-02       5.768269823586e+03 
       1.009809112735e-01       5.475497973049e+03 
       1.041991559203e-01       5.230821237844e+03 
       1.074217446051e-01       5.031203057962e+03 
       1.106469872850e-01       4.870504834052e+03 
       1.138738500777e-01       4.740938786572e+03 
       1.171017023624e-01       4.633637976657e+03 
       1.203301601051e-01       4.539470408012e+03 
       1.235589895985e-01       4.449846186932e+03 
       1.267880486173e-01       4.357458271930e+03 
       1.300172505535e-01       4.256835279799e+03 
       1.332465425965e-01       4.144778915801e+03 
       1.364758924728e-01       4.020445891494e+03 
       1.397052803911e-01       3.885183427839e+03 
       1.429346941519e-01       3.742081847622e+03 
       1.461641261778e-01       3.595356387616e+03 
       1.493935717096e-01       3.449687091122e+03 
       1.526230277113e-01       3.309592050552e+03 
       1.558524922040e-01       3.178923265405e+03 
       1.590819638607e-01       3.060562081880e+03 
       1.623114417597e-01       2.956209789269e+03 
       1.655409252339e-01       2.866406312187e+03 
       1.687704137789e-01       2.790610206841e+03 
       1.719999069959e-01       2.727377993314e+03 
       1.752294045570e-01       2.674577302689e+03 
       1.784589061834e-01       2.629641836637e+03 
       1.816884116315e-01       2.589814268508e+03 
       1.849179206843e-01       2.552700214870e+03 
       1.881474331454e-01       2.515830111324e+03 
       1.913769488351e-01       2.476866972584e+03 
       1.946064675881e-01       2.434406022613e+03 
       1.978359892510e-01       2.387766701368e+03 
       2.010655136812e-01       2.337003443019e+03 
       2.042950407457e-01       2.282831752800e+03 
       2.075245703202e-01       2.226424087347e+03 
       2.107541022880e-01       2.169214231763e+03 
       2.139836365398e-01       2.112679650890e+03 
       2.172131729729e-01       2.058167539808e+03 
       2.204427114907e-01       2.006765601226e+03 
       2.236722520021e-01       1.959287127417e+03 
       2.269017944215e-01       1.916209040660e+03 
       2.301313386679e-01       1.877689416484e+03 
       2.333608846649e-01       1.843607072410e+03 
       2.365904323404e-01       1.813562782713e+03 
       2.398199816261e-01       1.786937152103e+03 
       2.430495324574e-01       1.762954590611e+03 
       2.462790847730e-01       1.740756768585e+03 
       2.495086385151e-01       1.719499657588e+03 
       2.527381936285e-01       1.698428212539e+03 
       2.559677500610e-01       1.676940121377e+03 
       2.591973077630e-01       1.654624751315e+03 
       2.624268666873e-01       1.631267410165e+03 
       2.656564267891e-01       1.606843782468e+03 
       2.688859880258e-01       1.581501225570e+03 
       2.721155503566e-01       1.555520854245e+03 
       2.753451137429e-01       1.529282631963e+03 
       2.785746781477e-01       1.503221842728e+03 
       2.818042435358e-01       1.477778933755e+03 
       2.850338098737e-01       1.453343741467e+03 
       2.882633771291e-01       1.430227114143e+03 
       2.914929452714e-01       1.408617992003e+03 
       2.947225142714e-01       1.388588013414e+03 
       2.979520841010e-01       1.370089915902e+03 
       3.011816547333e-01       1.353004501629e+03 
       3.044112261426e-01       1.337126150126e+03 
       3.076407983045e-01       1.322227106565e+03 
       3.108703711952e-01       1.308060792767e+03 
       3.140999447922e-01       1.294378992802e+03 
       3.173295190739e-01       1.280950555349e+03 
       3.205590940194e-01       1.267581224353e+03 
       3.237886696087e-01       1.254118067710e+03 
       3.270182458228e-01       1.240473020132e+03 
       3.302478226431e-01       1.226619021466e+03 
       3.334774000520e-01       1.212589878161e+03 
       3.367069780324e-01       1.198466422407e+03 
       3.399365565681e-01       1.184359275524e+03 
       3.431661356432e-01       1.170389523030e+03 
       3.463957152426e-01       1.156672951649e+03 
       3.496252953517e-01       1.143314133673e+03 
       3.528548759564e-01       1.130401795378e+03 
       3.560844570432e-01       1.117997970666e+03 
       3.593140385990e-01       1.106140986958e+03 
       3.625436206113e-01       1.094840553236e+03 
       3.657732030678e-01       1.084074620475e+03 
       3.690027859570e-01       1.073794862682e+03 
       3.722323692674e-01       1.063932542068e+03 
       3.754619529881e-01       1.054403217950e+03 
       3.786915371087e-01       1.045125259994e+03 
       3.819211216189e-01       1.036025329870e+03 
       3.851507065089e-01       1.027045333204e+03 
       3.883802917692e-01       1.018141348681e+03 
       3.916098773905e-01       1.009287691878e+03 
       3.948394633640e-01       1.000470468875e+03 
       3.980690496811e-01       9.916868517529e+02 
       4.012986363334e-01       9.829496390428e+02 
       4.045282233129e-01       9.742767789358e+02 
       4.077578106118e-01       9.656969364145e+02 
       4.109873982224e-01       9.572432091181e+02 
       4.142169861376e-01       9.489481291265e+02 
       4.174465743502e-01       9.408382367072e+02 
       4.206761628533e-01       9.329296822522e+02 
       4.239057516403e-01       9.252332847091e+02 
       4.271353407046e-01       9.177482467968e+02 
       4.303649300401e-01       9.104694649116e+02 
       4.335945196406e-01       9.033853903941e+02 
       4.368241095003e-01       8.964872180093e+02 
       4.400536996134e-01       8.897603569031e+02 
       4.432832899744e-01       8.831840991660e+02 
       4.465128805778e-01       8.767419636167e+02 
       4.497424714184e-01       8.704111980360e+02 
       4.529720624912e-01       8.641703934779e+02 
       4.562016537912e-01       8.580044876419e+02 
       4.594312453135e-01       8.519042611339e+02 
       4.626608370535e-01       8.458635304040e+02 
       4.658904290067e-01       8.398837498540e+02 
       4.691200211686e-01       8.339665398036e+02 
       4.723496135350e-01       8.281173343737e+02 
       4.755792061016e-01       8.223395669103e+02 
       4.788087988645e-01       8.166393028908e+02 
       4.820383918195e-01       8.110234774804e+02 
       4.852679849630e-01       8.055002202208e+02 
       4.884975782911e-01       8.000744311516e+02 
       4.917271718002e-01       7.947538574046e+02 
       4.949567654868e-01       7.895393985274e+02 
       4.981863593473e-01       7.844300590243e+02 
       5.014159533784e-01       7.794190453116e+02 
       5.046455475769e-01       7.745001287837e+02 
       5.078751419394e-01       7.696644660969e+02 
       5.111047364630e-01       7.649049816983e+02 
       5.143343311445e-01       7.602156475829e+02 
       5.175639259810e-01       7.555907098130e+02 
       5.207935209695e-01       7.510261633818e+02 
       5.240231161074e-01       7.465153359675e+02 
       5.272527113918e-01       7.420563355363e+02 
       5.304823068200e-01       7.376448698794e+02 
       5.337119023894e-01       7.332809848416e+02 
       5.369414980975e-01       7.289653748962e+02 
       5.401710939418e-01       7.247008320134e+02 
       5.434006899198e-01       7.204898207287e+02 
       5.466302860292e-01       7.163351317053e+02 
       5.498598822676e-01       7.122372169354e+02 
       5.530894786327e-01       7.081957067267e+02 
       5.563190751224e-01       7.042102354500e+02 
       5.595486717345e-01       7.002790093292e+02 
       5.627782684669e-01       6.964024686120e+02 
       5.660078653175e-01       6.925794467599e+02 
       5.692374622843e-01       6.888093854541e+02 
       5.724670593653e-01       6.850915898658e+02 
       5.756966565586e-01       6.814224132464e+02 
       5.789262538624e-01       6.777995004354e+02 
       5.821558512746e-01       6.742197344241e+02 
       5.853854487937e-01       6.706810239604e+02 
       5.886150464178e-01       6.671819562875e+02 
       5.918446441451e-01       6.637216684498e+02 
       5.950742419740e-01       6.602999149443e+02 
       5.983038399029e-01       6.569158818414e+02 
       6.015334379301e-01       6.535686044013e+02 
       6.047630360541e-01       6.502570146749e+02 
       6.079926342732e-01       6.469803199320e+02 
       6.112222325861e-01       6.437378297048e+02 
       6.144518309912e-01       6.405301442377e+02 
       6.176814294870e-01       6.373572265260e+02 
       6.209110280722e-01       6.342211726018e+02 
       6.241406267453e-01       6.311208931769e+02 
       6.273702255050e-01       6.280560027793e+02 
       6.305998243500e-01       6.250257126091e+02 
       6.338294232789e-01       6.220289363666e+02 
       6.370590222905e-01       6.190635745450e+02 
       6.402886213835e-01       6.161299986205e+02 
       6.435182205566e-01       6.132273781215e+02 
       6.467478198088e-01       6.103555972502e+02 
       6.499774191388e-01       6.075139376295e+02 
       6.532070185454e-01       6.047011676189e+02 
       6.564366180275e-01       6.019162529946e+02 
       6.596662175840e-01       5.991576531328e+02 
       6.628958172138e-01       5.964251471226e+02 
       6.661254169159e-01       5.937182311857e+02 
       6.693550166891e-01       5.910371043107e+02 
       6.725846165325e-01       5.883819383348e+02 
       6.758142164451e-01       5.857525302984e+02 
       6.790438164259e-01       5.831482644445e+02 
       6.822734164738e-01       5.805683823581e+02 
       6.855030165880e-01       5.780123639984e+02 
       6.887326167675e-01       5.754797941997e+02 
       6.919622170113e-01       5.729706735142e+02 
       6.951918173187e-01       5.704851424005e+02 
       6.984214176887e-01       5.680229698646e+02 
       7.016510181204e-01       5.655839974564e+02 
       7.048806186130e-01       5.631675716359e+02 
       7.081102191657e-01       5.607729374911e+02 
       7.113398197776e-01       5.583993921601e+02 
       7.145694204480e-01       5.560464158288e+02 
       7.177990211760e-01       5.537137602650e+02 
       7.210286219608e-01       5.514015093798e+02 
       7.242582228018e-01       5.491095328370e+02 
       7.274878236981e-01       5.468373241827e+02 
       7.307174246491e-01       5.445844704940e+02 
       7.339470256539e-01       5.423503525815e+02 
       7.371766267119e-01       5.401345742399e+02 
       7.404062278224e-01       5.379366933711e+02 
       7.436358289848e-01       5.357567479691e+02 
       7.468654301982e-01       5.335948355296e+02 
       7.500950314621e-01       5.314508973174e+02 
       7.533246327759e-01       5.293247839143e+02 
       7.565542341388e-01       5.272160007213e+02 
       8.263007792820e-01       4.854220439596e+02 
       9.270043371803e-01       4.351398199888e+02 
       1.086815838287e+00       3.719742492121e+02 
       1.340075485027e+00       2.978829339815e+02 
       1.684674531650e+00       2.272506011125e+02 
       2.120837535227e+00       1.669929505669e+02 
       2.669976123584e+00       1.181491304914e+02 
       3.361300790796e+00       8.068938323119e+01 
       4.231626982217e+00       5.345301293262e+01 
       5.327302741146e+00       3.453253647456e+01 
       6.706676797150e+00       2.186670049046e+01 
       8.443205848622e+00       1.363183008152e+01 
